ticker,date,open,high,low,close,volume
ACET,2019-05-15,56.28,58.31,53.76,55.51,18928
ACET,2019-05-16,55.3,57.54,53.9,56.56,10214
ACET,2019-05-17,55.86,57.05,53.9,55.16,6214
ACET,2019-05-20,55.16,59.22,53.9,56.84,23757
ACET,2019-05-21,56.77,58.1,54.88,56.56,9785
ACET,2019-05-22,56.21,57.82,50.54,53.2,15928
ACET,2019-05-23,52.43,52.43,50.61,52.08,5757
ACET,2019-05-24,52.29,55.37,52.15,53.48,4800
ACET,2019-05-28,53.69,56.77,51.38,52.5,8771
ACET,2019-05-29,52.01,55.86,52.01,54.95,8300
ACET,2019-05-30,55.3,55.93,51.1,52.99,16371
ACET,2019-05-31,51.94,52.08,48.51,50.47,13328
ACET,2019-06-03,49.98,50.47,47.95,48.79,12571
ACET,2019-06-04,49.91,50.75,48.16,49.49,9314
ACET,2019-06-05,52.08,52.5,49.2478,52.01,12514
ACET,2019-06-06,52.22,57.96,52.15,56,10671
ACET,2019-06-07,56.91,62.93,56.49,61.53,40128
ACET,2019-06-10,61.6,65.17,59.08,61.74,43900
ACET,2019-06-11,62.79,64.925,57.33,58.38,14914
ACET,2019-06-12,58.59,62.72,58.1,62.3,10028
ACET,2019-06-13,63.49,64.4,60.69,63.35,12285
ACET,2019-06-14,60.97,64.26,60.97,62.65,9557
ACET,2019-06-17,63.07,67.732,63.07,66.15,21314
ACET,2019-06-18,66.78,69.3,62.3,65.1,22085
ACET,2019-06-19,66.01,72.45,66.01,71.47,31900
ACET,2019-06-20,73.43,77,71.19,73.64,22457
ACET,2019-06-21,73.57,74.13,69.3,72.45,43728
ACET,2019-06-24,72.1,74.7838,69.86,70.7,16471
ACET,2019-06-25,70.77,73.01,69.37,69.86,17514
ACET,2019-06-26,70.14,73.1325,68.25,69.37,15171
ACET,2019-06-27,70,73.78,69.16,71.75,20785
ACET,2019-06-28,72.8,73.815,70.63,71.4,129814
ACET,2019-07-01,73.15,75.04,71.12,72.03,15242
ACET,2019-07-02,73.29,73.29,70.21,71.96,9171
ACET,2019-07-03,72.17,72.9358,71.19,71.96,5457
ACET,2019-07-05,72.03,73.01,71.05,71.89,13471
ACET,2019-07-08,72.52,73.08,69.93,71.05,17771
ACET,2019-07-09,70.63,71.33,66.92,68.18,16971
ACET,2019-07-10,69.02,69.93,66.8605,68.25,19557
ACET,2019-07-11,68.74,70.21,65.59,67.2,22314
ACET,2019-07-12,67.76,71.26,66.64,68.95,18757
ACET,2019-07-15,70.07,73.85,69.23,72.73,29828
ACET,2019-07-16,73.36,73.85,70.14,71.82,21414
ACET,2019-07-17,71.26,75.6245,70.77,72.73,43328
ACET,2019-07-18,73.29,76.3,71.96,72.59,27600
ACET,2019-07-19,72.66,75.4509,68.18,70.07,26100
ACET,2019-07-22,71.33,79.17,71.33,78.54,36842
ACET,2019-07-23,81.27,83.72,73.5,80.15,57857
ACET,2019-07-24,80.22,80.3593,73.64,75.39,47942
ACET,2019-07-25,76.09,76.09,69.09,69.23,49542
ACET,2019-07-26,69.51,72.52,64.75,66.5,30028
ACET,2019-07-29,66.92,74.4338,66.92,73.71,37085
ACET,2019-07-30,73.85,77.385,73.85,76.93,39928
ACET,2019-07-31,77.63,79.52,75.6,76.16,33942
ACET,2019-08-01,77,77.896,71.68,74.62,22057
ACET,2019-08-02,74.55,76.72,70.56,72.24,25085
ACET,2019-08-05,72.52,73.36,66.1052,68.53,35428
ACET,2019-08-06,69.02,69.02,64.61,68.46,15642
ACET,2019-08-07,67.55,71.68,66.64,69.37,13128
ACET,2019-08-08,69.79,71.33,67.62,69.23,10128
ACET,2019-08-09,69.37,69.65,66.5,67.06,19014
ACET,2019-08-12,66.85,67.7803,64.68,64.89,16328
ACET,2019-08-13,64.82,69.37,64.61,68.25,12185
ACET,2019-08-14,66.85,71.8109,65.24,65.38,26242
ACET,2019-08-15,66.43,71.75,65.66,68.95,16057
ACET,2019-08-16,69.51,72.03,67.62,70.07,23585
ACET,2019-08-19,71.05,71.96,70,70.7,17485
ACET,2019-08-20,70.35,71.82,69.2734,70.7,11857
ACET,2019-08-21,71.4,76.93,71.26,75.6,20442
ACET,2019-08-22,76.37,77,71.4,74.34,18528
ACET,2019-08-23,74.34,74.55,68.95,70,12100
ACET,2019-08-26,70.56,70.56,67.9,69.37,10185
ACET,2019-08-27,69.3,70.315,66.5,67.2,8714
ACET,2019-08-28,66.78,70.07,66.2802,67.69,11728
ACET,2019-08-29,69.23,71.1312,67.2,67.9,11057
ACET,2019-08-30,68.11,68.11,65.2764,67.34,14342
ACET,2019-09-03,65.94,67.1965,64.75,65.52,11000
ACET,2019-09-04,66.22,68.04,64.75,67.76,38314
ACET,2019-09-05,68.6,70.245,67.9,69.79,19528
ACET,2019-09-06,70,70.2793,68.04,68.67,9914
ACET,2019-09-09,70,70.35,68.2717,69.23,18971
ACET,2019-09-10,68.95,70.07,68.67,69.51,17628
ACET,2019-09-11,69.86,70.7,68.32,69.79,29571
ACET,2019-09-12,69.72,72.1,68.74,70.98,15600
ACET,2019-09-13,71.4,73.325,70.77,71.82,18314
ACET,2019-09-16,70.98,73.5,70.3507,73.08,33442
ACET,2019-09-17,73.01,73.43,69.93,70.56,9557
ACET,2019-09-18,70.28,70.322,67.27,67.76,10085
ACET,2019-09-19,68.04,69.44,66.99,68.39,8657
ACET,2019-09-20,68.11,69.44,66.85,67.76,14785
ACET,2019-09-23,67.34,67.8097,64.75,65.8,16657
ACET,2019-09-24,65.8,66.22,63,63.35,20528
ACET,2019-09-25,63.42,65.03,63,64.4,9071
ACET,2019-09-26,64.47,66.01,63,63.28,10585
ACET,2019-09-27,63.7,65.45,59.85,60.9,13528
ACET,2019-09-30,60.9,62.93,60.27,61.88,14685
ACET,2019-10-01,63.28,64.26,58.52,58.66,12042
ACET,2019-10-02,58.52,59.15,54.74,57.26,20057
ACET,2019-10-03,57.54,59.08,56.07,58.73,6542
ACET,2019-10-04,59.36,62.16,56.35,57.47,14171
ACET,2019-10-07,57.54,59.08,56.7,57.33,16328
ACET,2019-10-08,56.56,57.12,53.34,54.18,21028
ACET,2019-10-09,54.6,55.44,48.65,49.77,17728
ACET,2019-10-10,49.77,51.59,49.77,51.24,9042
ACET,2019-10-11,51.94,55.44,50.61,50.96,15128
ACET,2019-10-14,51.1,53.76,48.86,49,19271
ACET,2019-10-15,49.28,52.15,47.18,48.37,30628
ACET,2019-10-16,48.51,49.28,47.25,48.44,15685
ACET,2019-10-17,48.65,50.33,47.6,47.95,30671
ACET,2019-10-18,47.74,50.96,47.04,48.93,14100
ACET,2019-10-21,49.91,51.4031,48.51,49.49,24414
ACET,2019-10-22,49.49,50.47,44.87,47.04,32657
ACET,2019-10-23,47.11,49.98,46.27,49.28,32157
ACET,2019-10-24,50.47,50.75,46.13,47.74,42157
ACET,2019-10-25,47.32,49.84,46.41,47.81,42728
ACET,2019-10-28,48.65,49.7,46.69,48.79,32071
ACET,2019-10-29,49,50.96,48.16,49.21,50814
ACET,2019-10-30,49.21,52.2277,49,49.98,42242
ACET,2019-10-31,50.19,51.73,49.56,50.75,34528
ACET,2019-11-01,51.17,55.58,51.17,54.95,19485
ACET,2019-11-04,56.35,58.9393,54.495,57.05,42400
ACET,2019-11-05,57.26,58.114,51.5242,52.99,33371
ACET,2019-11-06,52.92,54.88,52.5,54.04,23785
ACET,2019-11-07,55.09,58.7293,54.88,57.4,26700
ACET,2019-11-08,58.1,62.16,57.4,60.9,34028
ACET,2019-11-11,62.44,62.65,58.8,62.16,39642
ACET,2019-11-12,62.93,68.11,62.16,64.89,92514
ACET,2019-11-13,65.52,69.16,56.91,58.87,74542
ACET,2019-11-14,58.1,58.366,54.5398,55.65,33528
ACET,2019-11-15,11.34,13.44,6.58,7.63,3761471
ACET,2019-11-18,8.05,8.75,7.63,7.98,893757
ACET,2019-11-19,7.7,7.84,7.21,7.77,427600
ACET,2019-11-20,7.56,7.77,7.14,7.49,254028
ACET,2019-11-21,7.49,7.84,7.28,7.56,216771
ACET,2019-11-22,7.56,8.61,7.42,8.47,615385
ACET,2019-11-25,8.54,9.59,8.4,8.96,528985
ACET,2019-11-26,9.03,9.1,8.26,8.61,234457
ACET,2019-11-27,8.68,8.82,7.77,8.47,193214
ACET,2019-11-29,8.33,8.61,8.19,8.4,86742
ACET,2019-12-02,8.33,8.89,8.12,8.75,152842
ACET,2019-12-03,8.4,8.75,8.26,8.33,131871
ACET,2019-12-04,8.33,8.61,7.98,8.26,153371
ACET,2019-12-05,8.19,8.54,7.98,8.47,213585
ACET,2019-12-06,8.54,9.1581,8.4,8.89,212757
ACET,2019-12-09,8.96,9.1,8.68,9.03,120514
ACET,2019-12-10,8.96,9.17,8.68,8.68,172857
ACET,2019-12-11,8.68,8.82,8.54,8.75,74171
ACET,2019-12-12,8.75,8.89,8.54,8.68,139828
ACET,2019-12-13,8.68,8.82,8.47,8.61,111442
ACET,2019-12-16,8.61,8.8459,8.12,8.155,175414
ACET,2019-12-17,8.19,8.19,7.77,7.98,211542
ACET,2019-12-18,7.91,8.4,7.91,8.26,1929200
ACET,2019-12-19,8.26,8.68,8.05,8.68,176057
ACET,2019-12-20,8.68,9.1,8.26,9.1,275271
ACET,2019-12-23,9.17,10.36,8.89,9.66,499400
ACET,2019-12-24,9.94,9.94,9.38,9.8,199800
ACET,2019-12-26,10.08,10.08,9.1,9.31,202100
ACET,2019-12-27,9.31,9.52,9.17,9.24,103528
ACET,2019-12-30,9.17,9.45,8.89,9.38,210957
ACET,2019-12-31,10.64,10.675,9.59,10.43,701314
ACET,2020-01-02,10.43,10.5,9.87,9.87,292500
ACET,2020-01-03,10.01,10.29,9.87,10.22,221557
ACET,2020-01-06,10.22,10.29,9.94,10.22,162914
ACET,2020-01-07,10.22,10.22,9.94,10.15,150714
ACET,2020-01-08,10.08,10.15,9.59,9.87,136385
ACET,2020-01-09,9.87,10.43,9.59,10.36,187057
ACET,2020-01-10,10.36,12.32,10.08,11.9,775971
ACET,2020-01-13,11.76,11.83,10.64,10.99,418728
ACET,2020-01-14,10.99,11.06,9.8,10.43,258800
ACET,2020-01-15,10.36,11.2,10.36,10.64,145400
ACET,2020-01-16,10.71,10.85,10.43,10.5,147528
ACET,2020-01-17,10.71,10.78,10.22,10.22,444728
ACET,2020-01-21,10.43,11.06,10.29,10.43,336842
ACET,2020-01-22,10.64,10.9242,10.15,10.36,364714
ACET,2020-01-23,10.5,10.5462,10.15,10.22,250028
ACET,2020-01-24,10.43,10.43,9.73,9.87,400114
ACET,2020-01-27,9.8,10.22,9.31,9.59,399842
ACET,2020-01-28,9.87,10.01,9.52,9.87,181371
ACET,2020-01-29,9.73,9.87,9.24,9.24,195514
ACET,2020-01-30,9.31,9.38,8.82,8.96,214328
ACET,2020-01-31,9.1,9.8,9.03,9.66,191400
ACET,2020-02-03,9.52,10.01,9.45,9.8,123042
ACET,2020-02-04,9.8,9.94,9.24,9.45,129957
ACET,2020-02-05,9.38,9.8,9.38,9.59,72771
ACET,2020-02-06,9.73,10.43,9.73,9.765,336285
ACET,2020-02-07,9.87,10.01,9.59,9.8,128471
ACET,2020-02-10,9.8,9.9148,9.59,9.66,70271
ACET,2020-02-11,9.66,9.87,9.59,9.73,58242
ACET,2020-02-12,9.8,10.15,9.73,9.8,72157
ACET,2020-02-13,9.8,9.94,9.59,9.66,76928
ACET,2020-02-14,9.59,9.66,9.31,9.45,107271
ACET,2020-02-18,9.45,9.45,9.24,9.31,72714
ACET,2020-02-19,9.73,10.71,9.52,10.29,565542
ACET,2020-02-20,10.29,10.43,9.87,10.22,144485
ACET,2020-02-21,10.15,10.85,10.08,10.64,233557
ACET,2020-02-24,10.22,11.34,10.01,10.57,192600
ACET,2020-02-25,10.64,11.095,10.01,10.29,145271
ACET,2020-02-26,10.22,10.57,9.94,10.15,118042
ACET,2020-02-27,10.01,10.08,9.17,9.52,260142
ACET,2020-02-28,9.45,9.87,9.31,9.73,146428
ACET,2020-03-02,9.73,10.36,9.45,9.94,81028
ACET,2020-03-03,10.08,10.29,9.87,10.01,60028
ACET,2020-03-04,10.08,10.29,9.905,10.08,74471
ACET,2020-03-05,9.87,10.29,9.59,9.66,105542
ACET,2020-03-06,9.59,9.8,9.24,9.45,184914
ACET,2020-03-09,9.17,9.17,8.26,8.82,276814
ACET,2020-03-10,9.03,9.17,8.4,8.68,151971
ACET,2020-03-11,8.61,8.68,7.91,8.19,133171
ACET,2020-03-12,7.07,8.05,7.07,7.42,146171
ACET,2020-03-13,7.42,7.84,6.9643,7.49,118657
ACET,2020-03-16,6.9363,7.49,6.6689,6.7207,88271
ACET,2020-03-17,6.79,7.35,6.6542,6.7928,69142
ACET,2020-03-18,6.79,6.79,6.0907,6.1208,105242
ACET,2020-03-19,6.1103,7,6.02,6.6948,61828
ACET,2020-03-20,6.7634,7.35,6.7207,6.79,65714
ACET,2020-03-23,6.8481,7.28,6.657,6.79,27557
ACET,2020-03-24,7.14,7.42,7,7.35,159957
ACET,2020-03-25,7.28,7.98,7.21,7.63,57442
ACET,2020-03-26,7.63,7.91,7.0707,7.35,44142
ACET,2020-03-27,7,7.84,6.9307,7.28,42985
ACET,2020-03-30,7.42,7.63,7.21,7.63,26442
ACET,2020-03-31,7.49,7.84,7.07,7.21,85271
ACET,2020-04-01,7.21,7.56,7.07,7.07,41842
ACET,2020-04-02,7.21,7.42,6.9237,7.42,49300
ACET,2020-04-03,7.21,7.49,6.79,7.21,60900
ACET,2020-04-06,7.21,7.56,7.21,7.42,54142
ACET,2020-04-07,7.42,7.49,7.105,7.14,38671
ACET,2020-04-08,7.21,7.77,7.07,7.7,60271
ACET,2020-04-09,7.63,7.84,7.42,7.7,32742
ACET,2020-04-13,7.7,8.05,7.49,7.945,57414
ACET,2020-04-14,8.05,8.54,8.05,8.4,100628
ACET,2020-04-15,8.05,8.4,7.7,8.12,31185
ACET,2020-04-16,8.19,8.26,7.84,8.05,29814
ACET,2020-04-17,8.26,8.54,7.84,8.26,53214
ACET,2020-04-20,8.33,9.31,8.12,8.4,91885
ACET,2020-04-21,8.54,8.61,7.84,8.05,57657
ACET,2020-04-22,8.05,8.33,7.77,8.05,30628
ACET,2020-04-23,8.19,8.3657,8.05,8.19,25285
ACET,2020-04-24,8.33,8.47,7.91,8.05,53957
ACET,2020-04-27,8.05,8.68,7.9807,8.68,45428
ACET,2020-04-28,8.68,8.75,8.26,8.54,32428
ACET,2020-04-29,10.99,11.06,9.52,10.78,2037499
ACET,2020-04-30,10.5,11.06,9.59,10.71,408114
ACET,2020-05-01,10.5,10.85,9.9197,10.5,160914
ACET,2020-05-04,10.15,10.85,9.87,10.64,106657
ACET,2020-05-05,11.06,12.74,10.92,11.97,771842
ACET,2020-05-06,12.11,12.46,11.41,12.25,174485
ACET,2020-05-07,12.25,12.25,11.48,12.11,170114
ACET,2020-05-08,11.83,13.86,11.6214,13.37,647585
ACET,2020-05-11,13.37,13.5989,12.88,13.44,217799
ACET,2020-05-12,13.58,15.61,13.16,13.51,655342
ACET,2020-05-13,13.58,14.175,11.9,12.81,327985
ACET,2020-05-14,12.88,13.65,12.46,13.44,122700
ACET,2020-05-15,13.37,13.58,12.95,13.58,89928
ACET,2020-05-18,13.72,14.1078,13.3,13.51,96514
ACET,2020-05-19,13.37,13.79,13.23,13.72,92114
ACET,2020-05-20,13.65,13.8957,13.44,13.72,116442
ACET,2020-05-21,13.72,14.84,13.3,14.21,166914
ACET,2020-05-22,14.21,14.91,13.37,14.7,163742
ACET,2020-05-26,15.19,16.59,14.91,15.96,326528
ACET,2020-05-27,16.24,16.38,14.2793,14.7,178442
ACET,2020-05-28,15.82,17.43,14.7,15.47,927100
ACET,2020-05-29,15.47,15.9054,13.72,15.19,402571
ACET,2020-06-01,15.26,15.26,13.93,14.14,112042
ACET,2020-06-02,14,14.56,13.447,14,156414
ACET,2020-06-03,14.42,16.1,14.28,15.61,279042
ACET,2020-06-04,15.89,16.45,14.56,14.945,195857
ACET,2020-06-05,15.05,15.47,14.35,15.26,112899
ACET,2020-06-08,15.26,16.31,14.84,15.61,109800
ACET,2020-06-09,15.82,17.15,15.68,16.8,222242
ACET,2020-06-10,17.08,17.43,15.61,15.75,118828
ACET,2020-06-11,15.26,15.5799,13.8691,14.28,198928
ACET,2020-06-12,14.49,15.085,13.93,14.63,117528
ACET,2020-06-15,14.35,15.75,13.44,15.26,104985
ACET,2020-06-16,15.75,15.96,14.665,15.12,98314
ACET,2020-06-17,15.47,15.47,14.77,15.225,49614
ACET,2020-06-18,15.12,15.12,14.28,14.91,79985
ACET,2020-06-19,14.84,15.4,14.63,14.7,108357
ACET,2020-06-22,14.84,15.61,14.2471,15.4,82485
ACET,2020-06-23,15.61,16.94,15.568,16.24,191114
ACET,2020-06-24,16.03,16.59,14.49,14.84,124442
ACET,2020-06-25,14.98,15.26,14.42,14.98,121657
ACET,2020-06-26,14.84,15.4,14.4095,15.26,348457
ACET,2020-06-29,15.4,16.1,14.56,14.91,80485
ACET,2020-06-30,14.77,15.12,14.42,15.05,66442
ACET,2020-07-01,14.98,15.26,14.105,14.42,117114
ACET,2020-07-02,14.98,16.45,14.35,16.17,365485
ACET,2020-07-06,17.92,18.34,16.17,17.43,411557
ACET,2020-07-07,16.8,17.22,15.54,16.17,158557
ACET,2020-07-08,15.75,16.73,15.68,16.17,97428
ACET,2020-07-09,16.31,16.8287,15.9593,16.17,85685
ACET,2020-07-10,16.17,17.57,15.855,17.15,178842
ACET,2020-07-13,17.36,17.43,15.89,16.1,136428
ACET,2020-07-14,16.24,16.45,15.33,15.89,80600
ACET,2020-07-15,15.96,16.7986,15.75,16.45,60228
ACET,2020-07-16,16.45,17.64,16.17,17.43,127242
ACET,2020-07-17,17.64,21.7,17.5,20.93,628714
ACET,2020-07-20,21.28,21.343,18.0607,18.41,297985
ACET,2020-07-21,18.9,20.23,18.62,19.6,124371
ACET,2020-07-22,19.18,19.53,18.06,18.095,81928
ACET,2020-07-23,18.41,18.97,16.87,17.22,115699
ACET,2020-07-24,17.15,17.78,16.59,17.57,62300
ACET,2020-07-27,18.13,18.1657,17.5,17.64,95228
ACET,2020-07-28,19.18,19.25,15.75,16.59,464628
ACET,2020-07-29,16.66,17.43,16.31,17.36,127800
ACET,2020-07-30,16.8,19.425,16.38,19.04,169385
ACET,2020-07-31,19.25,19.95,17.15,17.43,146585
ACET,2020-08-03,17.57,18.06,17.43,17.78,63557
ACET,2020-08-04,17.85,18.83,17.57,18.13,67542
ACET,2020-08-05,18.2,18.9,17.92,18.13,79100
ACET,2020-08-06,18.27,18.4758,17.5,17.57,56714
ACET,2020-08-07,17.5,17.78,16.94,17.15,44542
ACET,2020-08-10,17.36,18.62,17.15,18.13,101914
ACET,2020-08-11,18.13,18.13,16.66,16.66,87814
ACET,2020-08-12,16.8,17.01,15.505,16.17,115771
ACET,2020-08-13,16.17,16.66,15.82,15.96,40085
ACET,2020-08-14,16.03,16.24,15.61,16.17,41757
ACET,2020-08-17,16.45,16.45,15.54,15.75,46114
ACET,2020-08-18,15.96,16.52,15.61,15.61,35700
ACET,2020-08-19,15.61,16.03,15.12,15.19,55571
ACET,2020-08-20,15.05,16.1,15.05,15.89,35757
ACET,2020-08-21,16.1,16.38,14.98,15.33,44771
ACET,2020-08-24,15.19,15.26,14.14,14.56,73000
ACET,2020-08-25,14.21,14.77,14.14,14.35,45385
ACET,2020-08-26,14.42,15.47,14.14,15.05,30357
ACET,2020-08-27,15.12,15.2544,14.14,14.35,21671
ACET,2020-08-28,14.21,14.91,14.21,14.35,34900
ACET,2020-08-31,14.35,16.1,14.35,15.96,86957
ACET,2020-09-01,16.03,16.1,14.7,14.91,39757
ACET,2020-09-02,14.84,15.4,14.63,15.19,26885
ACET,2020-09-03,15.26,15.4,14.315,14.56,34328
ACET,2020-09-04,14.42,14.56,13.174,14,64800
ACET,2020-09-08,14,14.42,13.44,13.79,31642
ACET,2020-09-09,14,15.05,14,14.63,32885
ACET,2020-09-10,14.77,15.26,14.21,14.77,24685
ACET,2020-09-11,14.91,15.33,14.42,15.05,30228
ACET,2020-09-14,14.98,16.73,14.98,16.59,102185
ACET,2020-09-15,16.66,17.22,15.47,15.96,122099
ACET,2020-09-16,16,16.09,14.56,15.4,108600
ACET,2020-09-17,14.98,16.2,14.845,16.11,90500
ACET,2020-09-18,16.69,21.4,16,21.4,378800
ACET,2020-09-21,17.77,18.89,12.92,13.48,674700
ACET,2020-09-22,13.3,13.3,10.1,10.175,865500
ACET,2020-09-23,12.51,14.93,11.1,11.27,1599500
ACET,2020-09-24,11.1,11.23,10.2,10.55,218100
ACET,2020-09-25,10.69,11.4036,10.69,11.08,132100
ACET,2020-09-28,11.24,11.24,10.53,10.57,242100
ACET,2020-09-29,10.59,12.71,10.585,12.53,156100
ACET,2020-09-30,12.82,12.82,11.7,11.89,84100
ACET,2020-10-01,12,12.5,11.89,12.25,46500
ACET,2020-10-02,11.68,12.31,11.57,11.89,71400
ACET,2020-10-05,12.08,12.3299,11.92,12.03,32000
ACET,2020-10-06,12.28,12.44,12,12.14,30200
ACET,2020-10-07,12.22,12.77,11.9629,12.66,31300
ACET,2020-10-08,12.92,12.98,12.37,12.64,20400
ACET,2020-10-09,12.93,13.9599,12.92,13.72,58300
ACET,2020-10-12,13.72,14.3499,13.54,13.66,62500
ACET,2020-10-13,13.78,14.24,13.5765,14,220000
ACET,2020-10-14,14.1,15,13.4,13.51,67600
ACET,2020-10-15,13.18,13.68,12.85,13.04,45900
ACET,2020-10-16,14.07,14.2,13.35,13.52,31800
ACET,2020-10-19,13.53,13.75,13.23,13.35,25900
ACET,2020-10-20,13.29,13.4225,12.938,13.18,32500
ACET,2020-10-21,13.18,13.31,12.86,13.1,26100
ACET,2020-10-22,13.6,13.83,12.57,12.86,32800
ACET,2020-10-23,13,13.3663,12.1541,12.49,74900
ACET,2020-10-26,12.49,12.49,11.265,11.98,69100
ACET,2020-10-27,12.64,12.64,12.02,12.23,36500
ACET,2020-10-28,11.9,12.15,11.0789,11.27,36700
ACET,2020-10-29,11.31,12.12,11.059,11.67,17200
ACET,2020-10-30,11.59,11.975,10.62,10.72,44900
ACET,2020-11-02,10.85,10.9814,9.71,10.36,70600
ACET,2020-11-03,10.57,11.01,10.42,10.76,38800
ACET,2020-11-04,11.75,11.75,11.19,11.25,57800
ACET,2020-11-05,11.48,12.05,11.33,11.92,40100
ACET,2020-11-06,11.88,12.05,11.1986,11.91,49700
ACET,2020-11-09,12.05,12.09,11.02,11.05,36700
ACET,2020-11-10,11.2,12.35,11.1174,12.28,65300
ACET,2020-11-11,12.39,12.5364,11.61,11.96,39000
ACET,2020-11-12,11.91,12.48,11.76,12.48,30600
ACET,2020-11-13,12.55,13.45,12.55,13.3,39600
ACET,2020-11-16,13.45,13.5,12.4055,12.57,42200
ACET,2020-11-17,12.47,13.34,12.29,13.28,24200
ACET,2020-11-18,12.0501,13.17,12.0501,12.56,58600
ACET,2020-11-19,12.8,13.02,11.82,12.25,45700
ACET,2020-11-20,12.25,12.82,11.79,12.8,27200
ACET,2020-11-23,12.84,13.2,12.49,12.66,39000
ACET,2020-11-24,12.91,12.92,12.2185,12.66,31600
ACET,2020-11-25,12.12,12.608,12.01,12.16,29800
ACET,2020-11-27,12.23,12.59,12.23,12.43,20100
ACET,2020-11-30,12.43,12.5379,12,12.33,42600
ACET,2020-12-01,12.32,12.32,11.7,12,39900
ACET,2020-12-02,11.85,12.1,11.4701,12.05,26800
ACET,2020-12-03,11.98,13.39,11.66,13.39,61000
ACET,2020-12-04,13.38,13.99,12.83,13.76,90800
ACET,2020-12-07,13.8,13.8,12.845,13.04,45200
ACET,2020-12-08,10.39,13.45,10.39,13.35,99800
ACET,2020-12-09,13.47,13.47,12.73,12.87,52100
ACET,2020-12-10,12.93,13.29,12.35,12.61,38200
ACET,2020-12-11,12.37,13.07,12.28,12.56,93600
ACET,2020-12-14,12.58,13.13,12.58,12.98,51500
ACET,2020-12-15,13.01,13.44,12.9,13.24,54900
ACET,2020-12-16,13.15,13.98,13.09,13.95,102500
ACET,2020-12-17,13.93,14.85,13.8,14.77,233300
ACET,2020-12-18,14.85,15.38,14.27,14.48,167300
ACET,2020-12-21,13.71,14.93,13.22,13.91,183500
ACET,2020-12-22,13.8,14.715,13.4,14.6,168700
ACET,2020-12-23,14.5,14.91,13.77,14.31,106600
ACET,2020-12-24,14.02,14.44,13.92,14.35,13500
ACET,2020-12-28,14.44,14.73,14.18,14.34,26100
ACET,2020-12-29,14.41,14.41,13.5,13.66,33400
ACET,2020-12-30,13.59,14.14,13.54,14.09,35700
ACET,2020-12-31,14.08,14.08,13.2,14.05,52900
ACET,2021-01-04,14.06,14.32,13.06,13.42,61700
ACET,2021-01-05,13.26,13.96,13.1,13.55,31000
ACET,2021-01-06,13.85,14.08,13.635,14.02,38400
ACET,2021-01-07,14.06,14.31,13.97,14.06,34500
ACET,2021-01-08,14.08,14.1,13.47,13.72,47400
ACET,2021-01-11,13.5,14.03,13.48,13.77,50700
ACET,2021-01-12,13.87,13.93,13.26,13.51,47200
ACET,2021-01-13,13.5,13.82,13.03,13.27,56700
ACET,2021-01-14,13.49,13.53,13.05,13.42,33300
ACET,2021-01-15,13.4,13.44,12.91,13.1,25600
ACET,2021-01-19,13.14,13.5,12.68,13.49,53800
ACET,2021-01-20,13.88,15.185,13.88,14.44,160100
ACET,2021-01-21,14.4,14.92,13.465,14.5,94100
ACET,2021-01-22,14.5,14.7,13.9,14.54,42300
ACET,2021-01-25,14.76,14.9999,14.0667,14.7,35200
ACET,2021-01-26,14.66,14.97,13.81,13.93,54500
ACET,2021-01-27,13.47,13.93,12.6941,13.06,53400
ACET,2021-01-28,13.36,13.4999,12.41,12.41,58500
ACET,2021-01-29,13.1222,13.1222,12.05,12.3,77900
ACET,2021-02-01,12.61,12.8023,12.05,12.12,70800
ACET,2021-02-02,12.38,12.965,12.2,12.2,53700
ACET,2021-02-03,12.41,12.9451,12.23,12.37,46300
ACET,2021-02-04,12.19,12.61,12.085,12.54,72900
ACET,2021-02-05,12.61,13.23,12.13,12.67,95800
ACET,2021-02-08,12.67,14.08,12.67,13.97,97400
ACET,2021-02-09,14.12,14.16,13.4771,13.69,41200
ACET,2021-02-10,14.5,17.8,14.09,16.7,1567900
ACET,2021-02-11,16.17,17.545,15.05,17.17,288700
ACET,2021-02-12,17.26,17.26,15.35,16.82,192000
ACET,2021-02-16,17,17.17,16.27,16.75,272500
ACET,2021-02-17,16.15,16.82,15.53,16.11,316000
ACET,2021-02-18,16,16.5,14.01,15.8,420100
ACET,2021-02-19,16.05,16.38,15.3,16.12,93400
ACET,2021-02-22,16.16,17.12,15.855,16.28,153000
ACET,2021-02-23,15.6,15.99,14.27,15.71,228600
ACET,2021-02-24,15.72,16.89,15.56,16.4,86200
ACET,2021-02-25,16.34,16.89,15.4701,15.75,89400
ACET,2021-02-26,15.29,15.85,14.77,15.31,218300
ACET,2021-03-01,15.44,15.88,14.62,15.6,121200
ACET,2021-03-02,15.47,15.79,15.12,15.75,170400
ACET,2021-03-03,15.57,16,14.81,15.59,197300
ACET,2021-03-04,15.44,15.68,13.63,13.79,203200
ACET,2021-03-05,14,14,12.52,13.7,144000
ACET,2021-03-08,13.55,14.585,13.3,14.11,76300
ACET,2021-03-09,14.48,15,14.33,14.77,136900
ACET,2021-03-10,15.06,15.3334,14.21,14.855,75300
ACET,2021-03-11,14.87,15.3,14.13,14.13,233000
ACET,2021-03-12,14,14.95,13.52,14.76,94400
ACET,2021-03-15,14.84,16.75,14.1988,16.6,148400
ACET,2021-03-16,16.02,16.02,14.475,15.78,224700
ACET,2021-03-17,15.71,16,14.9,15.19,226700
ACET,2021-03-18,14.83,15.17,14.33,14.55,185300
ACET,2021-03-19,14.37,15.09,14.04,14.54,490000
ACET,2021-03-22,14.88,14.99,14.22,14.71,157700
ACET,2021-03-23,14.55,14.72,13.94,14.37,180500
ACET,2021-03-24,14.35,14.51,13.43,13.6,69800
ACET,2021-03-25,13.29,13.58,12.85,13,99900
ACET,2021-03-26,12.98,13.52,12.69,13.14,86500
ACET,2021-03-29,13.1,13.14,12.31,12.66,91400
ACET,2021-03-30,12.52,13.62,11.71,13.02,229900
ACET,2021-03-31,13.16,13.56,12.7,13.08,170700
ACET,2021-04-01,13.13,13.74,12.655,13.11,119400
ACET,2021-04-05,13.08,13.46,12.57,12.77,129900
ACET,2021-04-06,12.79,13.36,12.62,13.01,88200
ACET,2021-04-07,12.97,13.28,12.69,12.87,90200
ACET,2021-04-08,14.03,14.03,12.79,12.88,150300
ACET,2021-04-09,12.76,13.55,12.61,13.19,76000
ACET,2021-04-12,13.17,13.17,12.71,12.84,58600
ACET,2021-04-13,12.86,12.9,12.175,12.71,152800
ACET,2021-04-14,13.17,13.74,12.92,13.02,193000
ACET,2021-04-15,13.25,13.5309,12.75,12.95,74500
ACET,2021-04-16,12.98,12.98,12.12,12.24,56500
ACET,2021-04-19,12.39,12.6024,12.15,12.2,46500
ACET,2021-04-20,12.17,12.455,11.76,12.09,72900
ACET,2021-04-21,12.07,12.95,11.94,12.78,66900
ACET,2021-04-22,12.9,13.415,12.77,13.11,68500
ACET,2021-04-23,13.9,15.23,13.8381,14.19,130000
ACET,2021-04-26,14.42,15.88,14.37,15.69,155300
ACET,2021-04-27,15.69,15.85,14.9,15.12,113500
ACET,2021-04-28,15.03,15.32,14.49,14.94,98600
ACET,2021-04-29,15.5,15.805,14.77,15.75,128900
ACET,2021-04-30,15.46,16.15,15.17,15.93,88900
ACET,2021-05-03,16,16.1,14.76,15.6,241700
ACET,2021-05-04,15.34,15.56,14.6,15.01,114600
ACET,2021-05-05,15.04,15.28,13.51,13.63,94000
ACET,2021-05-06,13.63,14.31,13.31,14.2,76100
ACET,2021-05-07,14.26,14.84,14.06,14.24,65600
ACET,2021-05-10,14.07,14.32,13.38,13.4,61000
ACET,2021-05-11,13.56,13.9,13.14,13.2,75600
ACET,2021-05-12,13.16,13.87,12.9749,13.19,54400
ACET,2021-05-13,13.14,13.75,12.5,12.96,103700
ACET,2021-05-14,12.91,14.09,12.91,13.42,89800
ACET,2021-05-17,13.18,13.51,12.641,13.18,67400
ACET,2021-05-18,13.43,14.3199,13.3,13.62,80700
ACET,2021-05-19,13.2,13.89,12.65,13.73,80300
ACET,2021-05-20,13.78,14.6,13.78,14.6,49300
ACET,2021-05-21,15.05,15.05,14.17,14.46,138600
ACET,2021-05-24,14.52,14.71,13.8,14.27,54300
ACET,2021-05-25,14.43,14.43,13.71,13.89,64900
ACET,2021-05-26,13.72,13.83,13.32,13.75,89500
ACET,2021-05-27,13.7,13.74,12.92,13.12,72500
ACET,2021-05-28,13.17,13.65,13.1059,13.42,56700
ACET,2021-06-01,13.37,13.38,12.3,12.39,119200
ACET,2021-06-02,12.41,13.12,12.31,12.47,83100
ACET,2021-06-03,12.31,12.825,11.5601,12.24,185100
ACET,2021-06-04,12.38,12.415,11.95,12.27,81800
ACET,2021-06-07,12.31,12.31,11.42,11.51,233300
ACET,2021-06-08,11.52,12.03,11.45,12,143800
ACET,2021-06-09,12,12.64,12,12.28,95400
ACET,2021-06-10,12.42,12.57,11.67,11.91,83400
ACET,2021-06-11,11.84,12.06,11.66,11.75,65700
ACET,2021-06-14,11.71,11.96,11.62,11.77,84700
ACET,2021-06-15,11.7,11.7,10.72,10.97,124100
ACET,2021-06-16,10.84,10.975,10.33,10.4,241500
ACET,2021-06-17,10.52,10.66,10.27,10.49,162500
ACET,2021-06-18,10.3,10.605,10.05,10.54,478600
ACET,2021-06-21,10.54,10.665,9.8257,10.28,283300
ACET,2021-06-22,10.18,10.29,9.41,9.44,218700
ACET,2021-06-23,9.59,9.7,9.07,9.19,266200
ACET,2021-06-24,9.32,10.18,9.32,9.73,263200
ACET,2021-06-25,9.72,10.41,9.5,9.7,2600500
ACET,2021-06-28,9.7,10.19,9.48,10,250700
ACET,2021-06-29,9.96,10.36,9.96,10.12,192600
ACET,2021-06-30,10.1,10.4737,9.95,10.29,293900
ACET,2021-07-01,10.24,10.3765,9.61,9.7,119400
ACET,2021-07-02,9.71,10.03,9.65,9.93,99700
ACET,2021-07-06,10,10.13,9.525,9.58,104300
ACET,2021-07-07,9.58,9.59,9.14,9.19,78900
ACET,2021-07-08,9.11,9.49,8.73,9.12,87800
ACET,2021-07-09,9.12,9.335,8.94,9.25,54900
ACET,2021-07-12,9.29,9.32,8.93,9,96700
ACET,2021-07-13,8.91,8.99,8.445,8.5,62800
ACET,2021-07-14,8.51,8.81,8.05,8.12,86500
ACET,2021-07-15,8.11,8.28,7.8,7.98,88300
ACET,2021-07-16,8.02,8.12,7.64,7.8,75000
ACET,2021-07-19,7.68,8.05,7.61,8.02,90200
ACET,2021-07-20,8.08,8.49,8.08,8.4,96300
ACET,2021-07-21,8.51,8.51,7.96,8.02,179900
ACET,2021-07-22,8.09,8.68,7.95,8.2,124200
ACET,2021-07-23,8.16,8.16,7.8069,8.13,108700
ACET,2021-07-26,8.14,8.255,7.54,7.57,100000
ACET,2021-07-27,7.53,7.64,7.42,7.49,113900
ACET,2021-07-28,7.42,7.63,7.35,7.57,130300
ACET,2021-07-29,7.54,7.69,7.34,7.49,104300
ACET,2021-07-30,7.59,7.76,7.31,7.4,207300
ACET,2021-08-02,7.4,7.64,7.3,7.36,163300
ACET,2021-08-03,7.43,7.43,6.95,7.27,208400
ACET,2021-08-04,7.31,7.4,7.05,7.25,70300
ACET,2021-08-05,7.27,7.27,7,7.12,89700
ACET,2021-08-06,7.06,7.195,6.95,6.99,88500
ACET,2021-08-09,6.94,7.1,6.82,7,232100
ACET,2021-08-10,7.07,7.15,6.91,7.12,63900
ACET,2021-08-11,7.17,7.19,6.81,7.15,128700
ACET,2021-08-12,7.09,7.21,6.863,7.13,67700
ACET,2021-08-13,7.29,7.73,7.16,7.73,135600
ACET,2021-08-16,7.78,8.1999,7.02,7.1,79300
ACET,2021-08-17,7.02,7.4014,6.61,6.73,135900
ACET,2021-08-18,6.66,7.12,6.639,6.73,91700
ACET,2021-08-19,6.74,6.75,6.26,6.29,80200
ACET,2021-08-20,6.25,6.93,6.25,6.92,99400
ACET,2021-08-23,6.93,7.3099,6.81,7.25,96300
ACET,2021-08-24,7.2,7.3284,7.125,7.27,120200
ACET,2021-08-25,7.26,7.54,7.26,7.34,67900
ACET,2021-08-26,7.35,7.77,7.3,7.7,92200
ACET,2021-08-27,7.71,8.275,7.7,8.07,77600
ACET,2021-08-30,8.13,8.18,7.85,8,66000
ACET,2021-08-31,7.99,8.41,7.99,8.35,115400
ACET,2021-09-01,8.3,8.46,8.05,8.29,63300
ACET,2021-09-02,8.29,8.58,8.0276,8.35,62600
ACET,2021-09-03,8.35,8.38,7.83,7.96,40800
ACET,2021-09-07,7.9,8.02,7.71,7.85,75000
ACET,2021-09-08,7.94,8.1,7.7,7.96,106600
ACET,2021-09-09,8.03,8.32,7.79,7.83,65700
ACET,2021-09-10,7.98,7.98,7.61,7.61,41100
ACET,2021-09-13,7.7,7.823,7.48,7.49,16200
ACET,2021-09-14,7.55,7.94,7.2,7.24,63600
ACET,2021-09-15,7.21,7.34,7,7.06,56700
ACET,2021-09-16,7.03,7.6499,6.9501,7.04,43500
ACET,2021-09-17,7.08,7.28,7.06,7.19,92500
ACET,2021-09-20,7.15,7.274,6.75,6.89,109100
ACET,2021-09-21,6.94,7.17,6.87,7.05,44900
ACET,2021-09-22,7.05,7.106,6.96,7.01,35300
ACET,2021-09-23,7.02,7.39,7.01,7.28,45900
ACET,2021-09-24,7.32,7.89,7.25,7.6,170400
ACET,2021-09-27,7.56,8,7.37,7.79,353200
ACET,2021-09-28,7.89,8.42,7.81,8.36,128000
ACET,2021-09-29,8.39,8.4251,7.83,8.04,76700
ACET,2021-09-30,8.11,8.11,7.73,7.84,46100
ACET,2021-10-01,7.81,8.13,7.73,8.13,43700
ACET,2021-10-04,8.09,8.27,7.7,8.16,66400
ACET,2021-10-05,8.2,8.2,7.26,7.5,92300
ACET,2021-10-06,7.36,7.43,7.16,7.37,67500
ACET,2021-10-07,7.39,7.75,7.13,7.6,63300
ACET,2021-10-08,7.59,7.59,7.2587,7.37,47300
ACET,2021-10-11,7.41,7.47,7.17,7.41,24900
ACET,2021-10-12,7.41,7.42,7.26,7.38,13900
ACET,2021-10-13,7.1916,8.14,7.1916,8.02,110700
ACET,2021-10-14,8.03,8.1,7.85,7.97,35000
ACET,2021-10-15,8.14,8.31,7.86,8.04,85000
ACET,2021-10-18,7.86,8.19,7.8,7.85,44500
ACET,2021-10-19,7.96,8.82,7.85,8.74,154800
ACET,2021-10-20,8.66,8.79,8.31,8.43,59300
ACET,2021-10-21,8.46,8.8699,8.45,8.55,73400
ACET,2021-10-22,8.53,8.53,8.01,8.1,53500
ACET,2021-10-25,8.09,8.1,7.707,7.88,44100
ACET,2021-10-26,7.83,8.3,7.7049,8.2,50400
ACET,2021-10-27,8.34,8.87,8.1,8.71,94900
ACET,2021-10-28,8.75,8.9628,8.58,8.69,57900
ACET,2021-10-29,8.57,8.72,8.36,8.6,50400
ACET,2021-11-01,8.61,9.14,8.4701,9.13,62700
ACET,2021-11-02,9.23,9.4465,9.03,9.25,66600
ACET,2021-11-03,9.22,9.365,9,9.31,85900
ACET,2021-11-04,9.36,9.36,9.08,9.23,38800
ACET,2021-11-05,9.38,9.38,9.07,9.2,40600
ACET,2021-11-08,9.34,9.43,9.13,9.32,111600
ACET,2021-11-09,9.28,9.35,9.07,9.28,79900
ACET,2021-11-10,9.29,9.6,9.07,9.19,657800
ACET,2021-11-11,9.15,9.69,9.15,9.58,49100
ACET,2021-11-12,9.66,9.88,9.44,9.75,40700
ACET,2021-11-15,9.7,9.7047,9.22,9.35,88400
ACET,2021-11-16,9.25,9.44,9.16,9.37,39600
ACET,2021-11-17,9.35,9.715,9.21,9.39,77600
ACET,2021-11-18,9.41,9.88,9.12,9.39,61000
ACET,2021-11-19,9.31,9.46,9.26,9.31,42200
ACET,2021-11-22,9.34,9.46,9.17,9.33,71400
ACET,2021-11-23,9.04,9.63,9.04,9.51,58800
ACET,2021-11-24,9.46,9.88,9.35,9.85,126500
ACET,2021-11-26,9.62,9.62,9.29,9.4,51700
ACET,2021-11-29,9.44,9.91,9.4286,9.52,194300
ACET,2021-11-30,9.54,10.77,9.54,10.64,267700
ACET,2021-12-01,10.69,10.85,10.18,10.18,1078600
ACET,2021-12-02,10.08,10.7,9.7729,10.35,303800
ACET,2021-12-03,10.45,10.45,9.54,9.8,273500
ACET,2021-12-06,13.65,15.67,12.4,13.57,48611500
ACET,2021-12-07,13.24,15.28,12.88,14.49,4556600
ACET,2021-12-08,15.13,15.77,14.1,15.29,4797800
ACET,2021-12-09,14.89,15.36,13.73,13.74,1340300
ACET,2021-12-10,14.01,14.39,13.64,13.89,636300
ACET,2021-12-13,14.35,15.07,14.07,14.99,453300
ACET,2021-12-14,14.77,15.38,13.95,14.27,451800
ACET,2021-12-15,14.43,15,12.92,14.63,1041800
ACET,2021-12-16,14.2,15.14,13.53,14.24,351900
ACET,2021-12-17,14.35,16.1099,14.06,15.85,907400
ACET,2021-12-20,15.5,16.22,14.57,15.07,616400
ACET,2021-12-21,15.51,16.585,15.24,16.51,443900
ACET,2021-12-22,16.11,16.49,15.39,15.66,312100
ACET,2021-12-23,16.01,16.42,15.6164,15.92,196600
ACET,2021-12-27,15.81,16.21,15.15,15.51,167600
ACET,2021-12-28,15.29,16.165,15.29,15.44,181000
ACET,2021-12-29,15.27,16.17,14.91,16.07,182700
ACET,2021-12-30,15.86,17.01,15.86,16.54,278900
ACET,2021-12-31,16.53,17.5,16.53,17.49,351300
ACET,2022-01-03,17.76,18.43,17.121,18.33,565900
ACET,2022-01-04,18.49,18.49,16.53,16.99,535900
ACET,2022-01-05,16.82,17.4,16.02,16.98,452800
ACET,2022-01-06,16.85,16.98,15.78,16.01,329100
ACET,2022-01-07,16.13,16.65,15.25,15.52,247700
ACET,2022-01-10,15.18,15.26,14.54,14.76,369200
ACET,2022-01-11,14.7,15.6,14.7,15.33,213700
ACET,2022-01-12,15.33,15.61,14.7,14.92,207900
ACET,2022-01-13,15.07,15.25,14.17,14.22,257800
ACET,2022-01-14,14.14,14.64,13.55,14.56,433900
ACET,2022-01-18,14.41,14.4699,13.085,13.15,347000
ACET,2022-01-19,13.14,13.475,12.84,12.92,245300
ACET,2022-01-20,12.83,13.74,12.64,12.69,157700
ACET,2022-01-21,12.57,12.84,11.78,11.93,392700
ACET,2022-01-24,11.87,13.07,11.13,12.99,404300
ACET,2022-01-25,12.61,13.18,12.23,12.69,131800
ACET,2022-01-26,13.12,13.34,11.86,11.95,151800
ACET,2022-01-27,12.12,12.5148,11.45,11.53,124500
ACET,2022-01-28,11.78,11.93,11.17,11.69,228100
ACET,2022-01-31,11.74,12.65,11.74,12.62,118200
ACET,2022-02-01,12.82,13.47,12.25,13.14,239200
ACET,2022-02-02,13.11,13.11,12.26,12.52,118700
ACET,2022-02-03,12.4,12.82,12.0401,12.13,189700
ACET,2022-02-04,12.13,12.805,11.762,12.61,148900
ACET,2022-02-07,12.74,13.1799,12.48,12.99,154200
ACET,2022-02-08,12.86,13.68,12.65,13.59,236600
ACET,2022-02-09,13.7,15.1,13.63,15.05,326700
ACET,2022-02-10,14.87,15.925,14.87,15.51,313500
,,,,,,
