ticker,date,open,high,low,close,volume
ALXN,2001-09-04,4.6675,4.805,4.565,4.6575,318000
ALXN,2001-09-05,4.6525,4.8875,4.64,4.7625,486000
ALXN,2001-09-06,4.7325,4.875,4.5425,4.69,794000
ALXN,2001-09-07,4.8025,4.8025,4.4525,4.48,557200
ALXN,2001-09-10,4.44,4.565,4.3775,4.48,237600
ALXN,2001-09-17,4.5,4.5625,4.1625,4.44,336800
ALXN,2001-09-18,4.3525,4.5,4.25,4.265,574000
ALXN,2001-09-19,4.2525,4.2575,3.95,3.9875,789200
ALXN,2001-09-20,3.915,4.0825,3.895,4.0575,368400
ALXN,2001-09-21,3.85,4.0125,3.7525,3.79,655200
ALXN,2001-09-24,4.0025,4.1225,3.85,3.965,489600
ALXN,2001-09-25,3.915,4.15,3.7625,3.8125,785600
ALXN,2001-09-26,3.7525,3.9,3.695,3.7375,1189200
ALXN,2001-09-27,3.6975,3.91,3.5025,3.9,4084800
ALXN,2001-09-28,3.9325,4.2875,3.9325,4.255,1247600
ALXN,2001-10-01,4.2725,4.2725,3.9225,4.08,208000
ALXN,2001-10-02,4.1825,4.2275,3.875,4.0025,549600
ALXN,2001-10-03,3.8275,4.1875,3.8275,4.1675,1208000
ALXN,2001-10-04,4.24,4.25,3.9225,4.075,373200
ALXN,2001-10-05,4.1525,4.1725,3.825,3.9175,325600
ALXN,2001-10-08,3.8125,4.0575,3.8125,4.035,302400
ALXN,2001-10-09,4.0025,4.0375,3.8125,3.8775,331200
ALXN,2001-10-10,4.06,4.2075,3.8775,4.1825,335200
ALXN,2001-10-11,4.25,4.2875,4.125,4.2425,1183200
ALXN,2001-10-12,4.2725,4.5375,4.15,4.37,699200
ALXN,2001-10-15,4.2725,4.61,4.2725,4.5125,487200
ALXN,2001-10-16,4.625,4.75,4.505,4.6725,1173600
ALXN,2001-10-17,4.6925,4.7125,4.3275,4.33,334000
ALXN,2001-10-18,4.4875,4.4875,4.1925,4.27,244800
ALXN,2001-10-19,4.265,4.53,4.2625,4.525,376400
ALXN,2001-10-22,4.575,4.675,4.265,4.605,477199
ALXN,2001-10-23,4.6225,4.6225,4.42,4.4575,115200
ALXN,2001-10-24,4.415,4.5625,4.415,4.4425,174000
ALXN,2001-10-25,4.4375,4.6325,4.3825,4.6225,288400
ALXN,2001-10-26,4.675,4.675,4.3625,4.5275,541200
ALXN,2001-10-29,4.5275,4.55,4.2025,4.215,1054000
ALXN,2001-10-30,4.2525,4.4225,3.9125,4.135,1571200
ALXN,2001-10-31,4.165,4.34,4.165,4.3025,595600
ALXN,2001-11-01,4.3475,4.54,4.25,4.4125,968400
ALXN,2001-11-02,4.3875,4.3875,4.185,4.315,223600
ALXN,2001-11-05,4.34,4.5,4.3375,4.4275,188400
ALXN,2001-11-06,4.4025,4.5625,4.325,4.56,576400
ALXN,2001-11-07,4.44,4.5,4.25,4.3975,335600
ALXN,2001-11-08,4.46,4.7725,4.395,4.4725,611600
ALXN,2001-11-09,4.6125,4.875,4.6125,4.7125,927600
ALXN,2001-11-12,4.81,5.245,4.515,5.075,1668400
ALXN,2001-11-13,5.17,5.425,5.055,5.425,3141200
ALXN,2001-11-14,5.435,5.47,5.1225,5.2375,3498000
ALXN,2001-11-15,5.2375,5.3775,5.2,5.2,1433600
ALXN,2001-11-16,5.2375,5.2875,5.1125,5.14,527600
ALXN,2001-11-19,5.15,5.4,5.115,5.3425,513200
ALXN,2001-11-20,5.2275,5.3125,5.175,5.175,418800
ALXN,2001-11-21,5.15,5.3025,5.125,5.195,277600
ALXN,2001-11-23,5.185,5.3925,5.185,5.35,99200
ALXN,2001-11-26,5.29,5.875,5.2875,5.8175,1049600
ALXN,2001-11-27,5.785,5.7975,5.57,5.625,911600
ALXN,2001-11-28,5.6625,5.6625,5.2875,5.36,789600
ALXN,2001-11-29,5.35,5.4775,5.25,5.4,324800
ALXN,2001-11-30,5.3525,5.4625,5.25,5.3325,814000
ALXN,2001-12-03,5.34,5.36,5.0725,5.3475,583200
ALXN,2001-12-04,5.29,5.5125,5.25,5.435,993600
ALXN,2001-12-05,5.4,6.025,5.4,5.775,1358800
ALXN,2001-12-06,5.7875,6.075,5.7875,5.89,1142400
ALXN,2001-12-07,5.975,5.975,5.54,5.745,520000
ALXN,2001-12-10,5.7375,5.8325,5.475,5.48,550400
ALXN,2001-12-11,5.575,5.575,5.2625,5.485,350400
ALXN,2001-12-12,5.565,5.675,5.205,5.44,717200
ALXN,2001-12-13,5.3125,5.725,5.275,5.48,989599
ALXN,2001-12-14,5.3825,5.6125,5.275,5.4775,1009200
ALXN,2001-12-17,5.475,5.5475,5.4375,5.5125,742800
ALXN,2001-12-18,5.5025,5.985,5.5025,5.8825,693600
ALXN,2001-12-19,5.76,5.8125,5.5025,5.6725,1227200
ALXN,2001-12-20,5.6125,5.8725,5.5975,5.6625,413200
ALXN,2001-12-21,5.9275,5.94,5.6775,5.91,694800
ALXN,2001-12-24,5.875,5.965,5.6775,5.6775,432800
ALXN,2001-12-26,5.75,5.9625,5.7375,5.7625,452400
ALXN,2001-12-27,5.84,5.9375,5.7625,5.875,435200
ALXN,2001-12-28,5.875,6.25,5.8725,6.0975,523200
ALXN,2001-12-31,6.075,6.25,5.8525,6.11,759600
ALXN,2002-01-02,6.125,6.125,5.7,5.775,661200
ALXN,2002-01-03,5.7875,5.9625,5.725,5.795,379600
ALXN,2002-01-04,5.8875,6.0325,5.7725,5.7975,1527200
ALXN,2002-01-07,5.925,6.025,5.625,5.625,1098000
ALXN,2002-01-08,5.6875,5.9375,5.6,5.88,524400
ALXN,2002-01-09,5.9575,6.1,5.575,5.6,680800
ALXN,2002-01-10,5.8025,5.805,5.565,5.74,297600
ALXN,2002-01-11,5.75,6,5.595,5.795,816800
ALXN,2002-01-14,5.9375,5.9475,5.39,5.4325,502799
ALXN,2002-01-15,5.3575,5.5875,5.275,5.375,526400
ALXN,2002-01-16,5.35,5.4875,5.2575,5.2775,448399
ALXN,2002-01-17,5.28,5.3125,5.0775,5.24,597600
ALXN,2002-01-18,5.2725,5.31,5.1275,5.2375,602000
ALXN,2002-01-22,5.3125,5.3425,5.1275,5.25,124000
ALXN,2002-01-23,5.21,5.395,5.21,5.3475,554800
ALXN,2002-01-24,5.2525,5.525,5.2525,5.415,634800
ALXN,2002-01-25,5.3775,5.495,5.375,5.4575,383200
ALXN,2002-01-28,5.43,5.455,5.2,5.285,708000
ALXN,2002-01-29,5.205,5.43,5.205,5.2925,366800
ALXN,2002-01-30,5.25,5.4025,5.1,5.375,940400
ALXN,2002-01-31,5.4625,5.575,5.4,5.575,368800
ALXN,2002-02-01,5.44,5.6,5.44,5.5875,228000
ALXN,2002-02-04,5.575,5.575,5.3525,5.3525,327200
ALXN,2002-02-05,5.35,5.5125,5.105,5.2875,320000
ALXN,2002-02-06,5.275,5.355,5.1375,5.3275,460000
ALXN,2002-02-07,5.3325,5.48,5.2275,5.4775,597200
ALXN,2002-02-08,5.4025,5.525,5.24,5.4975,402000
ALXN,2002-02-11,5.5475,5.6125,5.4625,5.53,122800
ALXN,2002-02-12,5.4875,5.8125,5.3725,5.8,1144000
ALXN,2002-02-13,5.825,6.095,5.825,6.0725,735600
ALXN,2002-02-14,6.0825,6.0875,5.61,5.6175,534000
ALXN,2002-02-15,5.615,5.6875,5.4625,5.5925,693200
ALXN,2002-02-19,5.6225,5.6225,5.4075,5.41,181200
ALXN,2002-02-20,5.4125,5.5475,5.1875,5.355,816000
ALXN,2002-02-21,5.485,5.545,5.1975,5.28,462400
ALXN,2002-02-22,5.32,5.3625,5.2,5.3,630800
ALXN,2002-02-25,5.4725,5.5275,5.225,5.31,681200
ALXN,2002-02-26,5.4125,5.46,5.3,5.37,470000
ALXN,2002-02-27,5.4375,5.4375,5.2725,5.3825,256400
ALXN,2002-02-28,5.3525,5.445,5.2875,5.3525,490800
ALXN,2002-03-01,5.3625,5.52,5.125,5.5,600000
ALXN,2002-03-04,5.5375,5.575,5.35,5.4825,240400
ALXN,2002-03-05,5.4475,5.5725,5.3775,5.4375,771200
ALXN,2002-03-06,5.4625,5.75,5.425,5.7125,1330000
ALXN,2002-03-07,5.7425,5.855,5.45,5.5,388400
ALXN,2002-03-08,5.4375,5.8275,5.4375,5.7725,552400
ALXN,2002-03-11,5.8125,5.995,5.775,5.94,700800
ALXN,2002-03-12,5.925,5.925,5.655,5.7675,666400
ALXN,2002-03-13,5.6725,6.0375,5.6725,6.015,378800
ALXN,2002-03-14,5.965,6.12,5.9625,6.0175,233200
ALXN,2002-03-15,5.8625,6.1025,5.8625,6.035,334000
ALXN,2002-03-18,6.1,6.5,5.99,6.37,1443600
ALXN,2002-03-19,6.4975,6.55,6.395,6.5075,1019600
ALXN,2002-03-20,6.45,6.4675,6.19,6.225,236800
ALXN,2002-03-21,6.215,6.565,6.1875,6.565,521600
ALXN,2002-03-22,6.565,6.6725,6.45,6.45,516400
ALXN,2002-03-25,6.5375,6.5675,6.1525,6.1525,330800
ALXN,2002-03-26,6.1975,6.215,5.9,6.0225,585600
ALXN,2002-03-27,5.9025,6.0875,5.9,5.915,330800
ALXN,2002-03-28,5.9675,6.07,5.8,5.8775,330000
ALXN,2002-04-01,5.8375,5.935,5.78,5.8625,315200
ALXN,2002-04-02,5.7925,5.94,5.75,5.785,607600
ALXN,2002-04-03,5.8375,5.8825,5.525,5.685,531600
ALXN,2002-04-04,5.545,5.6575,5.335,5.35,673200
ALXN,2002-04-05,5.4475,5.5625,5.1875,5.2125,594400
ALXN,2002-04-08,5.2,5.425,5.2,5.3875,463200
ALXN,2002-04-09,5.45,5.4975,5.1875,5.2,444800
ALXN,2002-04-10,5.2125,5.5125,5.2125,5.4975,418800
ALXN,2002-04-11,5.4625,5.59,5.175,5.2,329600
ALXN,2002-04-12,5.215,5.3675,5.2,5.325,328800
ALXN,2002-04-15,5.2025,5.5625,5.1975,5.5525,246400
ALXN,2002-04-16,5.5725,5.825,5.5725,5.815,370000
ALXN,2002-04-17,5.8375,5.8775,5.6075,5.615,240000
ALXN,2002-04-18,5.7425,5.87,5.655,5.85,321600
ALXN,2002-04-19,5.875,5.95,5.5,5.5075,347200
ALXN,2002-04-22,5.5,5.5125,5.1725,5.2975,337200
ALXN,2002-04-23,5.28,5.3425,5.19,5.325,219600
ALXN,2002-04-24,5.375,5.405,5.2825,5.365,308400
ALXN,2002-04-25,5.3525,5.355,5.13,5.1475,359600
ALXN,2002-04-26,5.1525,5.24,4.56,4.6025,1278000
ALXN,2002-04-29,4.6025,4.7,4.3625,4.385,646800
ALXN,2002-04-30,4.475,4.6375,4.325,4.62,759600
ALXN,2002-05-01,4.54,4.56,4.3175,4.36,535600
ALXN,2002-05-02,4.3125,4.4875,4.1925,4.2875,767200
ALXN,2002-05-03,4.2875,4.3875,4.065,4.2475,666000
ALXN,2002-05-06,4.25,4.3125,3.915,3.915,519200
ALXN,2002-05-07,3.9875,4.055,3.7425,3.7625,1027600
ALXN,2002-05-08,3.9175,4.2225,3.88,4.1,816000
ALXN,2002-05-09,4.0625,4.1225,3.8775,3.9,476800
ALXN,2002-05-10,3.8625,3.9475,3.69,3.775,1241200
ALXN,2002-05-13,3.8125,4.0575,3.8125,4.0575,386800
ALXN,2002-05-14,4.0775,4.4325,4.0775,4.35,1029600
ALXN,2002-05-15,4.27,4.43,4.195,4.2475,310800
ALXN,2002-05-16,4.2425,4.2425,3.9925,4.0325,477199
ALXN,2002-05-17,4.04,4.15,4,4.0425,791600
ALXN,2002-05-20,4.025,4.1425,3.9875,4.1075,328400
ALXN,2002-05-21,4.1175,4.1225,3.875,3.875,446400
ALXN,2002-05-22,3.85,4.0875,3.85,3.9375,427200
ALXN,2002-05-23,4.0175,4.3625,3.8125,4.3375,418800
ALXN,2002-05-24,4.275,4.495,4.0425,4.0775,623200
ALXN,2002-05-28,4.14,4.2975,3.9525,4.2975,368800
ALXN,2002-05-29,4.2275,4.2975,4.125,4.1275,286000
ALXN,2002-05-30,4.0275,4.2025,3.915,4.2025,288800
ALXN,2002-05-31,4.2,4.3,3.935,3.935,262800
ALXN,2002-06-03,3.875,3.875,3.4875,3.4875,858000
ALXN,2002-06-04,3.4675,3.675,3.3,3.66,1071200
ALXN,2002-06-05,3.6475,3.675,3.5125,3.65,491200
ALXN,2002-06-06,3.65,3.7075,3.375,3.375,548000
ALXN,2002-06-07,3.3975,3.9175,3.27,3.9075,957200
ALXN,2002-06-10,3.6675,3.86,3.49,3.515,1360000
ALXN,2002-06-11,3.525,3.5275,3.0875,3.09,1180400
ALXN,2002-06-12,3.0875,3.2125,2.9175,3.1375,1311600
ALXN,2002-06-13,3.135,3.3925,3.135,3.25,809600
ALXN,2002-06-14,3.25,3.4475,3.19,3.445,747200
ALXN,2002-06-17,3.455,3.7525,3.405,3.75,417200
ALXN,2002-06-18,3.75,3.9725,3.5875,3.61,518799
ALXN,2002-06-19,3.6075,3.705,3.4825,3.51,469199
ALXN,2002-06-20,3.49,3.575,3.3225,3.375,411200
ALXN,2002-06-21,3.445,3.5575,3.2225,3.25,482400
ALXN,2002-06-24,3.2275,3.8125,3,3.3725,900400
ALXN,2002-06-25,3.41,3.61,3.41,3.4725,733200
ALXN,2002-06-26,3.405,3.59,3.3625,3.465,881200
ALXN,2002-06-27,3.5,3.75,3.3775,3.5975,422800
ALXN,2002-06-28,3.65,3.95,3.6,3.7875,2405600
ALXN,2002-07-01,3.705,3.785,3.3775,3.615,774800
ALXN,2002-07-02,3.5775,3.6,3.1025,3.25,628000
ALXN,2002-07-03,3.2475,3.2475,2.8425,3.01,984400
ALXN,2002-07-05,3.0125,3.2475,3.0125,3.215,257200
ALXN,2002-07-08,3.2025,3.375,3.0525,3.055,304000
ALXN,2002-07-09,3.05,3.1075,2.8325,2.8825,406400
ALXN,2002-07-10,2.825,2.8925,2.7425,2.8275,1616400
ALXN,2002-07-11,2.8525,2.9,2.75,2.785,1211600
ALXN,2002-07-12,2.85,3.1275,2.665,3,874800
ALXN,2002-07-15,2.94,3.2,2.875,3.19,729600
ALXN,2002-07-16,3.1625,3.465,3.0275,3.4625,784000
ALXN,2002-07-17,3.475,3.58,3.325,3.4925,695600
ALXN,2002-07-18,3.495,3.4975,3.325,3.3275,506800
ALXN,2002-07-19,3.335,3.425,3.205,3.325,577200
ALXN,2002-07-22,3.375,3.45,3.1375,3.18,535200
ALXN,2002-07-23,3.155,3.3275,3.155,3.26,1105600
ALXN,2002-07-24,3.19,3.485,3.13,3.4575,1258800
ALXN,2002-07-25,3.475,3.475,3.0875,3.1375,802800
ALXN,2002-07-26,3.145,3.215,2.94,3.125,502400
ALXN,2002-07-29,3.175,3.3625,3.1525,3.25,810400
ALXN,2002-07-30,3.225,3.5625,3.1,3.5475,1154400
ALXN,2002-07-31,3.5625,3.9875,3.52,3.8775,1144000
ALXN,2002-08-01,3.85,3.91,3.5275,3.5275,773600
ALXN,2002-08-02,3.5625,3.6125,3.285,3.4325,832800
ALXN,2002-08-05,3.425,3.4575,3.1625,3.2375,427200
ALXN,2002-08-06,3.2325,3.475,3.2,3.47,760800
ALXN,2002-08-07,3.475,3.5375,3.215,3.315,607600
ALXN,2002-08-08,3.2725,3.6125,3.075,3.5375,1029200
ALXN,2002-08-09,3.4875,3.65,3.3375,3.3825,706800
ALXN,2002-08-12,3.375,3.595,3.3125,3.515,496800
ALXN,2002-08-13,3.4975,3.525,3.0925,3.1725,740800
ALXN,2002-08-14,3.125,3.275,2.975,3.2375,975200
ALXN,2002-08-15,3.25,3.3025,3.03,3.1825,452000
ALXN,2002-08-16,3.1675,3.2725,3.0625,3.1275,348000
ALXN,2002-08-19,3.1,3.1475,2.97,3.0025,741600
ALXN,2002-08-20,3.02,3.145,3.02,3.11,225600
ALXN,2002-08-21,3.08,3.1875,3.0575,3.1875,250000
ALXN,2002-08-22,3.1925,3.25,3.0725,3.135,266000
ALXN,2002-08-23,3.1125,3.15,3.03,3.05,452000
ALXN,2002-08-26,3.1125,3.115,2.8125,3.085,566000
ALXN,2002-08-27,3.1,3.1575,3,3,541600
ALXN,2002-08-28,2.985,3.0775,2.915,2.915,290000
ALXN,2002-08-29,2.9125,3.0475,2.8525,3.0475,307600
ALXN,2002-08-30,3.05,3.055,2.905,2.9675,489600
ALXN,2002-09-03,2.8725,2.8725,2.6875,2.725,374800
ALXN,2002-09-04,2.695,3,2.6775,2.8825,383600
ALXN,2002-09-05,2.88,2.88,2.66,2.72,368800
ALXN,2002-09-06,2.7525,2.995,2.7525,2.875,264800
ALXN,2002-09-09,2.85,2.9675,2.7625,2.9675,216800
ALXN,2002-09-10,2.94,3.0475,2.85,2.9725,819600
ALXN,2002-09-11,2.97,3.185,2.97,3.02,456800
ALXN,2002-09-12,3.065,3.065,2.9375,3.0025,252000
ALXN,2002-09-13,3,3.0725,2.935,3.0375,179200
ALXN,2002-09-16,3.0325,3.1,2.9775,2.9875,227200
ALXN,2002-09-17,2.99,3.075,2.99,3.0225,237200
ALXN,2002-09-18,3.015,3.2575,3.005,3.25,716000
ALXN,2002-09-19,3.295,3.2975,2.8975,2.9875,881200
ALXN,2002-09-20,2.96,3.045,2.845,3,1598800
ALXN,2002-09-23,2.97,3.0375,2.755,2.795,627200
ALXN,2002-09-24,2.7775,2.975,2.725,2.825,579600
ALXN,2002-09-25,2.875,3.0425,2.8725,2.9225,458400
ALXN,2002-09-26,3,3.0975,2.94,3.08,394000
ALXN,2002-09-27,3.1,3.11,2.9275,2.9275,456000
ALXN,2002-09-30,2.925,3.19,2.765,2.8975,520800
ALXN,2002-10-01,2.91,3.025,2.89,2.9975,226000
ALXN,2002-10-02,2.985,3.2325,2.985,3.175,584400
ALXN,2002-10-03,3.1925,3.26,3.1875,3.26,509600
ALXN,2002-10-04,3.25,3.255,3.0625,3.1025,696000
ALXN,2002-10-07,3.1,3.2175,3.0375,3.14,2276400
ALXN,2002-10-08,3.185,3.2125,3.095,3.145,285200
ALXN,2002-10-09,3.1025,3.125,2.99,3,407200
ALXN,2002-10-10,2.9875,3.0875,2.975,3.0425,457200
ALXN,2002-10-11,3.0725,3.1125,2.96,3.005,391600
ALXN,2002-10-14,3.015,3.105,3.005,3.05,597200
ALXN,2002-10-15,3.0875,3.1775,2.8775,3,848000
ALXN,2002-10-16,2.975,3.0575,2.905,3,629200
ALXN,2002-10-17,3.01,3.025,2.955,2.9975,249200
ALXN,2002-10-18,3,3.0325,2.8925,2.91,604800
ALXN,2002-10-21,2.925,2.9675,2.8375,2.85,530000
ALXN,2002-10-22,2.8625,2.9,2.67,2.7175,1018800
ALXN,2002-10-23,2.745,2.795,2.65,2.7,1087600
ALXN,2002-10-24,2.6975,2.7,2.4075,2.4225,1031199
ALXN,2002-10-25,2.41,2.41,2.2625,2.395,835600
ALXN,2002-10-28,2.4375,2.7,2.425,2.5125,914400
ALXN,2002-10-29,2.515,2.5375,2.4475,2.5,508400
ALXN,2002-10-30,2.5375,2.55,2.49,2.52,348000
ALXN,2002-10-31,2.5525,2.5825,2.4925,2.5475,755600
ALXN,2002-11-01,2.5225,2.5675,2.4225,2.46,965600
ALXN,2002-11-04,2.45,2.475,2.375,2.4525,960000
ALXN,2002-11-05,2.4625,2.4825,2.4275,2.4375,310800
ALXN,2002-11-06,2.4275,2.5125,2.3875,2.5125,1720000
ALXN,2002-11-07,2.52,2.5775,2.49,2.5575,434400
ALXN,2002-11-08,2.5625,2.585,2.5,2.535,378800
ALXN,2002-11-11,2.525,2.525,2.45,2.485,488800
ALXN,2002-11-12,2.4875,2.5,2.4125,2.43,483200
ALXN,2002-11-13,2.4125,2.525,2.4,2.515,1062000
ALXN,2002-11-14,2.525,2.7975,2.5125,2.7675,754000
ALXN,2002-11-15,2.75,2.7975,2.6825,2.7725,611200
ALXN,2002-11-18,2.775,3.94,2.625,3.785,11894800
ALXN,2002-11-19,3.7,3.8,3.6325,3.695,2215200
ALXN,2002-11-20,3.7,3.7875,3.6375,3.725,1166400
ALXN,2002-11-21,3.7125,3.7875,3.705,3.7775,1118400
ALXN,2002-11-22,3.725,4.4375,3.725,4.3875,3108800
ALXN,2002-11-25,4.4,4.4875,4.215,4.4175,1123600
ALXN,2002-11-26,4.3875,4.495,4.3325,4.39,983600
ALXN,2002-11-27,4.3775,4.4525,4.155,4.37,1164800
ALXN,2002-11-29,4.375,4.4125,4.37,4.3825,111200
ALXN,2002-12-02,4.405,4.45,4.25,4.31,685200
ALXN,2002-12-03,4.2875,4.2975,4.03,4.0875,821200
ALXN,2002-12-04,4.1025,4.1625,3.9825,4.115,1132000
ALXN,2002-12-05,4.15,4.3375,3.925,3.9975,987200
ALXN,2002-12-06,3.9125,4.125,3.7625,3.975,869200
ALXN,2002-12-09,3.92,4.175,3.825,3.865,959600
ALXN,2002-12-10,3.8625,3.925,3.775,3.8125,721600
ALXN,2002-12-11,3.8125,3.97,3.79,3.95,316400
ALXN,2002-12-12,3.9625,4.0025,3.895,3.895,382000
ALXN,2002-12-13,3.905,3.945,3.825,3.825,421200
ALXN,2002-12-16,3.85,3.8525,3.7575,3.825,573600
ALXN,2002-12-17,3.805,3.92,3.7625,3.8375,566400
ALXN,2002-12-18,3.85,3.8675,3.7,3.7375,559200
ALXN,2002-12-19,3.7675,3.81,3.5625,3.575,654800
ALXN,2002-12-20,3.5875,3.785,3.55,3.7475,914400
ALXN,2002-12-23,3.7325,3.735,3.615,3.6675,681200
ALXN,2002-12-24,3.6125,3.705,3.6125,3.7,123200
ALXN,2002-12-26,3.6375,3.78,3.6375,3.7425,343600
ALXN,2002-12-27,3.705,3.715,3.565,3.575,335600
ALXN,2002-12-30,3.575,3.625,3.515,3.55,380400
ALXN,2002-12-31,3.5375,3.6525,3.5075,3.53,452000
ALXN,2003-01-02,3.5875,3.625,3.545,3.625,305200
ALXN,2003-01-03,3.6375,3.665,3.565,3.6375,378800
ALXN,2003-01-06,3.65,3.7225,3.6025,3.65,554800
ALXN,2003-01-07,3.65,3.7125,3.5875,3.6275,738000
ALXN,2003-01-08,3.6375,3.685,3.4775,3.51,679200
ALXN,2003-01-09,3.51,3.6125,3.51,3.5875,255200
ALXN,2003-01-10,3.55,3.635,3.485,3.5975,209200
ALXN,2003-01-13,3.5875,3.6375,3.5,3.6025,1459200
ALXN,2003-01-14,3.61,3.72,3.6075,3.655,290800
ALXN,2003-01-15,3.595,3.66,3.57,3.5875,226400
ALXN,2003-01-16,3.595,3.7375,3.575,3.6125,616800
ALXN,2003-01-17,3.6125,3.6125,3.5375,3.55,423200
ALXN,2003-01-21,3.55,3.5575,3.3625,3.3975,1483600
ALXN,2003-01-22,3.375,3.455,3.3525,3.355,451200
ALXN,2003-01-23,3.385,3.4275,3.275,3.28,613200
ALXN,2003-01-24,3.28,3.28,3.12,3.17,861599
ALXN,2003-01-27,3.075,3.1175,2.935,3.0575,1086800
ALXN,2003-01-28,3.025,3.1975,3.02,3.175,454799
ALXN,2003-01-29,3.1725,3.175,3.0625,3.1525,446400
ALXN,2003-01-30,3.1275,3.175,3.075,3.075,181200
ALXN,2003-01-31,3.0825,3.1875,3.075,3.1475,372000
ALXN,2003-02-03,3.15,3.15,2.99,2.99,392800
ALXN,2003-02-04,2.99,2.99,2.885,2.8875,345600
ALXN,2003-02-05,2.8875,2.925,2.8375,2.8475,253200
ALXN,2003-02-06,2.8375,2.9475,2.8225,2.845,220800
ALXN,2003-02-07,2.8875,2.985,2.8375,2.8775,398800
ALXN,2003-02-10,2.7525,2.8975,2.7125,2.8975,410000
ALXN,2003-02-11,2.91,2.925,2.77,2.7875,263200
ALXN,2003-02-12,2.765,2.7875,2.7,2.76,338400
ALXN,2003-02-13,2.7375,2.8325,2.725,2.8025,469600
ALXN,2003-02-14,2.81,2.8475,2.7975,2.7975,754000
ALXN,2003-02-18,2.875,2.9275,2.8325,2.885,584400
ALXN,2003-02-19,2.9275,3,2.8325,2.8425,339600
ALXN,2003-02-20,2.8825,2.9025,2.82,2.8525,480800
ALXN,2003-02-21,2.885,2.935,2.865,2.9075,360800
ALXN,2003-02-24,2.9725,2.9725,2.83,2.855,205200
ALXN,2003-02-25,2.85,2.865,2.79,2.865,407600
ALXN,2003-02-26,2.9775,2.985,2.7725,2.7975,451200
ALXN,2003-02-27,2.7975,2.8575,2.77,2.805,363600
ALXN,2003-02-28,2.79,2.82,2.7525,2.7525,344800
ALXN,2003-03-03,2.74,2.925,2.74,2.8275,269200
ALXN,2003-03-04,2.8025,2.8425,2.67,2.685,205200
ALXN,2003-03-05,2.685,2.685,2.615,2.6275,273600
ALXN,2003-03-06,2.6175,2.6575,2.6125,2.65,160800
ALXN,2003-03-07,2.61,2.7275,2.5,2.585,429600
ALXN,2003-03-10,2.5625,2.6375,2.5375,2.615,491200
ALXN,2003-03-11,2.6175,2.8475,2.59,2.75,773600
ALXN,2003-03-12,2.74,2.8275,2.575,2.63,873600
ALXN,2003-03-13,2.6425,2.6625,2.5625,2.6625,404400
ALXN,2003-03-14,2.6525,2.7175,2.62,2.6625,614000
ALXN,2003-03-17,2.6475,2.99,2.6075,2.945,1062800
ALXN,2003-03-18,3.0425,3.185,3.0225,3.165,2460000
ALXN,2003-03-19,3.1625,3.25,3.105,3.2025,1152800
ALXN,2003-03-20,3.2,3.3975,3.2,3.365,846400
ALXN,2003-03-21,3.415,3.4625,3.275,3.355,2008000
ALXN,2003-03-24,3.35,3.375,3.1675,3.295,319200
ALXN,2003-03-25,3.2725,3.385,3.155,3.23,738400
ALXN,2003-03-26,3.21,3.285,3.125,3.1325,950400
ALXN,2003-03-27,3.1225,3.1225,3.0075,3.0825,889600
ALXN,2003-03-28,3.075,3.11,3.06,3.09,474800
ALXN,2003-03-31,3.0625,3.125,3.035,3.04,544000
ALXN,2003-04-01,3.045,3.22,3.045,3.19,502000
ALXN,2003-04-02,3.1725,3.435,3.1725,3.4025,1249600
ALXN,2003-04-03,3.425,3.57,3.4,3.5625,822400
ALXN,2003-04-04,3.5375,3.765,3.525,3.525,983199
ALXN,2003-04-07,3.575,3.63,3.2625,3.2625,398000
ALXN,2003-04-08,3.25,3.4425,3.25,3.3025,601600
ALXN,2003-04-09,3.35,3.42,3.2625,3.265,265200
ALXN,2003-04-10,3.2625,3.3,3.235,3.25,2236400
ALXN,2003-04-11,3.29,3.3125,3.14,3.2675,1089600
ALXN,2003-04-14,3.25,3.29,3.225,3.28,484800
ALXN,2003-04-15,3.2625,3.38,3.1925,3.33,335600
ALXN,2003-04-16,3.325,3.3425,3.165,3.1825,377200
ALXN,2003-04-17,3.1825,3.4375,3.1375,3.31,215600
ALXN,2003-04-21,3.31,3.345,3.2125,3.235,286000
ALXN,2003-04-22,3.24,3.4025,3.2275,3.3875,398400
ALXN,2003-04-23,3.4025,3.56,3.4025,3.515,317600
ALXN,2003-04-24,3.485,3.515,3.34,3.3425,290400
ALXN,2003-04-25,3.335,3.355,3.225,3.2275,278000
ALXN,2003-04-28,3.2325,3.35,3.23,3.35,338000
ALXN,2003-04-29,3.365,3.375,3.29,3.31,414800
ALXN,2003-04-30,3.35,3.36,3.12,3.2875,232800
ALXN,2003-05-01,3.2875,3.3975,3.23,3.3725,495600
ALXN,2003-05-02,3.35,3.485,3.3375,3.475,426000
ALXN,2003-05-05,3.5,3.5,3.35,3.4025,280000
ALXN,2003-05-06,3.3975,3.45,3.3,3.3475,280000
ALXN,2003-05-07,3.2975,3.385,3.2275,3.2275,175200
ALXN,2003-05-08,3.3075,3.3325,3.2075,3.2475,302400
ALXN,2003-05-09,3.25,3.3325,3.2325,3.3025,208000
ALXN,2003-05-12,3.28,3.44,3.2,3.3825,505200
ALXN,2003-05-13,3.405,3.515,3.405,3.515,308400
ALXN,2003-05-14,3.44,3.675,3.4375,3.56,530400
ALXN,2003-05-15,3.55,3.585,3.5,3.535,304000
ALXN,2003-05-16,3.47,3.6625,3.46,3.46,484400
ALXN,2003-05-19,3.4575,3.5275,3.3875,3.4325,442800
ALXN,2003-05-20,3.45,3.51,3.345,3.375,255600
ALXN,2003-05-21,3.3875,3.3875,3.3,3.385,116400
ALXN,2003-05-22,3.325,3.455,3.3175,3.32,384800
ALXN,2003-05-23,3.31,3.3825,3.29,3.3,338400
ALXN,2003-05-27,3.3125,3.625,3.3025,3.55,922800
ALXN,2003-05-28,3.5625,3.6125,3.4675,3.4675,1010400
ALXN,2003-05-29,3.5025,3.52,3.4,3.4225,302000
ALXN,2003-05-30,3.455,3.505,3.425,3.5025,316400
ALXN,2003-06-02,3.5175,3.89,3.3875,3.525,1712000
ALXN,2003-06-03,3.425,3.675,3.4,3.6725,970399
ALXN,2003-06-04,3.6725,3.875,3.665,3.815,1278000
ALXN,2003-06-05,3.775,4.3475,3.775,4.3375,1349200
ALXN,2003-06-06,4.355,4.7175,4.3475,4.4775,1476400
ALXN,2003-06-09,4.3525,4.725,4.3525,4.47,890800
ALXN,2003-06-10,4.47,4.5925,4.445,4.4775,439200
ALXN,2003-06-11,4.46,4.565,4.365,4.5475,449200
ALXN,2003-06-12,4.565,4.9,4.5175,4.7775,886400
ALXN,2003-06-13,4.835,4.86,4.635,4.75,630800
ALXN,2003-06-16,4.76,4.9625,4.7275,4.9,650000
ALXN,2003-06-17,4.9375,5.0375,4.885,5.0025,918400
ALXN,2003-06-18,5.0125,5.025,4.6,4.6225,668400
ALXN,2003-06-19,4.5125,4.63,4.2675,4.3275,1465600
ALXN,2003-06-20,4.3,4.4325,4.2375,4.3425,567200
ALXN,2003-06-23,4.3625,4.365,4.185,4.23,439600
ALXN,2003-06-24,4.24,4.4,4.05,4.065,544800
ALXN,2003-06-25,4.11,4.1375,4.04,4.08,410400
ALXN,2003-06-26,4.1,4.3125,4.0425,4.1975,552800
ALXN,2003-06-27,4.1625,4.55,4.1575,4.36,778400
ALXN,2003-06-30,4.4275,4.45,4.1775,4.2975,678000
ALXN,2003-07-01,4.285,4.3275,4.075,4.2075,385600
ALXN,2003-07-02,4.185,4.49,4.185,4.34,573600
ALXN,2003-07-03,4.3175,4.3675,4.25,4.315,153600
ALXN,2003-07-07,4.3375,4.55,4.3325,4.4325,395200
ALXN,2003-07-08,4.4,4.795,4.3875,4.795,447200
ALXN,2003-07-09,4.7425,4.7825,4.5725,4.6625,535600
ALXN,2003-07-10,4.625,4.7125,4.5525,4.7125,556400
ALXN,2003-07-11,4.7,4.8975,4.6325,4.8575,399600
ALXN,2003-07-14,4.875,4.9575,4.75,4.76,327600
ALXN,2003-07-15,4.79,4.85,4.7,4.7025,302800
ALXN,2003-07-16,4.7575,4.76,4.6225,4.6425,416000
ALXN,2003-07-17,4.6175,4.6175,4.4175,4.455,2149600
ALXN,2003-07-18,4.455,4.5075,4.29,4.3975,217200
ALXN,2003-07-21,4.3825,4.4875,4.275,4.37,780000
ALXN,2003-07-22,4.395,4.5125,4.3375,4.5025,197200
ALXN,2003-07-23,4.52,4.52,4.3375,4.4275,540000
ALXN,2003-07-24,4.45,4.45,4.2625,4.2625,1015600
ALXN,2003-07-25,4.2925,4.38,4.1125,4.1825,660800
ALXN,2003-07-28,4.2,4.36,4.175,4.3125,929200
ALXN,2003-07-29,4.3325,4.4325,4.3,4.35,446000
ALXN,2003-07-30,4.3675,4.3725,4.09,4.1875,574800
ALXN,2003-07-31,4.205,4.27,4.2,4.2025,1040799
ALXN,2003-08-01,4.23,4.25,3.9775,3.995,572400
ALXN,2003-08-04,4.0075,4.075,3.96,4,967600
ALXN,2003-08-05,3.025,3.47,3.0075,3.145,18516400
ALXN,2003-08-06,3.1825,3.2625,3.0325,3.12,1484000
ALXN,2003-08-07,3.1225,3.2975,3.075,3.175,996800
ALXN,2003-08-08,3.1625,3.2125,3.125,3.16,709200
ALXN,2003-08-11,3.1525,3.155,3.0875,3.1,507200
ALXN,2003-08-12,3.085,3.2025,3.085,3.1375,598400
ALXN,2003-08-13,3.15,3.2475,3.14,3.15,500400
ALXN,2003-08-14,3.1625,3.2725,3.1625,3.2725,550800
ALXN,2003-08-15,3.295,3.4125,3.2825,3.375,549200
ALXN,2003-08-18,3.425,3.62,3.375,3.575,1287200
ALXN,2003-08-19,3.6,3.74,3.5425,3.725,516000
ALXN,2003-08-20,3.745,3.77,3.685,3.69,604400
ALXN,2003-08-21,3.7075,3.76,3.6875,3.7325,335600
ALXN,2003-08-22,3.7125,3.7475,3.535,3.6025,382800
ALXN,2003-08-25,3.5825,3.625,3.49,3.5725,318800
ALXN,2003-08-26,3.5525,3.555,3.3325,3.4375,443200
ALXN,2003-08-27,3.4375,3.51,3.3875,3.5025,819200
ALXN,2003-08-28,3.495,3.5875,3.42,3.5325,611200
ALXN,2003-08-29,3.5375,3.5975,3.5025,3.5225,418000
ALXN,2003-09-02,3.54,3.58,3.4775,3.55,291600
ALXN,2003-09-03,3.5875,3.59,3.5075,3.5375,720000
ALXN,2003-09-04,3.52,3.775,3.5,3.775,565200
ALXN,2003-09-05,3.7575,3.785,3.65,3.75,492400
ALXN,2003-09-08,3.77,3.8875,3.745,3.875,429200
ALXN,2003-09-09,3.8875,3.9975,3.8475,3.93,408000
ALXN,2003-09-10,3.93,3.93,3.635,3.635,1898799
ALXN,2003-09-11,3.605,3.6775,3.5825,3.625,411600
ALXN,2003-09-12,3.4425,3.925,3.4225,3.7775,832800
ALXN,2003-09-15,3.7775,4.0625,3.7575,3.8525,851600
ALXN,2003-09-16,3.85,4.0325,3.85,4.0225,662000
ALXN,2003-09-17,4.0375,4.135,4.0325,4.0325,726800
ALXN,2003-09-18,4.055,4.1875,4.0225,4.1375,446400
ALXN,2003-09-19,4.14,4.52,4.1375,4.375,1709600
ALXN,2003-09-22,4.355,4.365,4.2125,4.3325,1390000
ALXN,2003-09-23,4.33,4.4275,4.33,4.4175,1322000
ALXN,2003-09-24,4.4075,4.4075,4.135,4.25,2135200
ALXN,2003-09-25,4.2575,4.32,4.1125,4.225,1071600
ALXN,2003-09-26,4.22,4.32,4.1,4.1275,1186800
ALXN,2003-09-29,4.125,4.1975,4.0275,4.1125,582000
ALXN,2003-09-30,4.11,4.35,4.06,4.2325,1020800
ALXN,2003-10-01,4.155,4.5,4.145,4.4175,988400
ALXN,2003-10-02,4.43,5.1425,4.425,5,3674000
ALXN,2003-10-03,5.015,5.41,5.0025,5.0725,1541200
ALXN,2003-10-06,5.0825,5.135,4.9275,4.95,966400
ALXN,2003-10-07,4.9775,5.27,4.9475,5.23,1325200
ALXN,2003-10-08,5.2325,5.2575,4.9275,4.94,612800
ALXN,2003-10-09,4.97,5.125,4.9225,5.125,719200
ALXN,2003-10-10,5.1125,5.1125,4.895,5.06,510400
ALXN,2003-10-13,5.1,5.25,5.0575,5.13,591600
ALXN,2003-10-14,5.095,5.195,5.0525,5.0875,218800
ALXN,2003-10-15,5.13,5.13,4.735,4.79,698800
ALXN,2003-10-16,4.7725,4.875,4.765,4.82,326000
ALXN,2003-10-17,4.7925,4.825,4.47,4.5025,588800
ALXN,2003-10-20,4.4775,4.7,4.445,4.6,540000
ALXN,2003-10-21,4.5925,4.6925,4.535,4.6275,552000
ALXN,2003-10-22,4.62,4.6225,4.3325,4.3525,511600
ALXN,2003-10-23,4.325,4.5225,4.275,4.3475,728800
ALXN,2003-10-24,4.3475,4.525,4.22,4.5225,589600
ALXN,2003-10-27,4.485,4.6125,4.3,4.4125,641600
ALXN,2003-10-28,4.39,4.5625,4.39,4.54,400800
ALXN,2003-10-29,4.53,4.75,4.52,4.67,526400
ALXN,2003-10-30,4.675,4.725,4.4575,4.4575,452800
ALXN,2003-10-31,4.4875,4.6575,4.455,4.625,538800
ALXN,2003-11-03,4.6225,4.75,4.5525,4.5575,512000
ALXN,2003-11-04,4.5775,4.975,4.565,4.7975,1905199
ALXN,2003-11-05,4.795,4.875,4.775,4.865,601600
ALXN,2003-11-06,4.8725,4.8875,4.7225,4.775,286800
ALXN,2003-11-07,4.775,4.7875,4.5025,4.51,1112000
ALXN,2003-11-10,4.325,4.7575,4.1625,4.1625,2246400
ALXN,2003-11-11,4.155,4.4,4.1175,4.3025,2228400
ALXN,2003-11-12,4.3025,4.4125,4.2925,4.4,661200
ALXN,2003-11-13,4.38,4.6,4.38,4.5825,590000
ALXN,2003-11-14,4.57,4.6,4.315,4.35,988000
ALXN,2003-11-17,4.2875,4.355,4.1225,4.1225,1101200
ALXN,2003-11-18,4.2,4.43,4.195,4.24,908800
ALXN,2003-11-19,4.2125,4.255,4.1775,4.225,602000
ALXN,2003-11-20,4.2275,4.3825,4.155,4.275,866800
ALXN,2003-11-21,4.285,4.4125,4.285,4.285,2152000
ALXN,2003-11-24,4.3975,4.7625,4.3925,4.6925,1596000
ALXN,2003-11-25,4.725,4.725,4.57,4.6,1082000
ALXN,2003-11-26,4.6125,4.7,4.5675,4.655,574000
ALXN,2003-11-28,4.685,4.7,4.6025,4.69,257600
ALXN,2003-12-01,4.675,4.9425,4.625,4.9425,1267600
ALXN,2003-12-02,4.95,5.205,4.9075,5.0275,2023599
ALXN,2003-12-03,5.0225,5.0375,4.6375,4.675,896400
ALXN,2003-12-04,4.69,4.8725,4.69,4.75,1148800
ALXN,2003-12-05,4.7425,4.765,4.6675,4.725,1022000
ALXN,2003-12-08,4.775,4.8225,4.55,4.6,1196000
ALXN,2003-12-09,4.6,4.6075,4.455,4.5125,387600
ALXN,2003-12-10,4.5225,4.5375,4.38,4.38,677600
ALXN,2003-12-11,4.3975,4.5125,4.3725,4.5125,585600
ALXN,2003-12-12,4.5,4.505,4.42,4.485,364000
ALXN,2003-12-15,4.4775,4.5,4.275,4.305,460800
ALXN,2003-12-16,4.2875,4.295,4.135,4.2625,420400
ALXN,2003-12-17,4.27,4.27,4.1825,4.25,208800
ALXN,2003-12-18,4.205,4.2625,4.2025,4.215,482800
ALXN,2003-12-19,4.2475,4.25,4.125,4.2125,779200
ALXN,2003-12-22,4.205,4.2675,4.1925,4.235,845200
ALXN,2003-12-23,4.2575,4.2675,4.2425,4.2475,513999
ALXN,2003-12-24,4.2525,4.335,4.245,4.2675,249600
ALXN,2003-12-26,4.2675,4.275,4.23,4.2525,213600
ALXN,2003-12-29,4.2475,4.3875,4.2475,4.3375,574800
ALXN,2003-12-30,4.3325,4.3475,4.245,4.2625,903199
ALXN,2003-12-31,4.2775,4.305,4.1875,4.2525,1127200
ALXN,2004-01-02,4.315,4.345,4.25,4.3125,1135600
ALXN,2004-01-05,4.31,4.4075,4.28,4.385,656400
ALXN,2004-01-06,4.3125,4.405,4.28,4.325,387600
ALXN,2004-01-07,4.35,4.485,4.2625,4.455,834800
ALXN,2004-01-08,4.4875,4.55,4.45,4.545,652800
ALXN,2004-01-09,4.525,4.7425,4.445,4.6525,872400
ALXN,2004-01-12,4.7025,4.715,4.5875,4.6,568800
ALXN,2004-01-13,4.6025,4.6275,4.5175,4.5175,431600
ALXN,2004-01-14,4.59,4.625,4.55,4.6,178000
ALXN,2004-01-15,4.6225,4.75,4.55,4.7175,422400
ALXN,2004-01-16,4.6925,4.7375,4.6575,4.7075,483599
ALXN,2004-01-20,4.6875,4.755,4.5625,4.75,349200
ALXN,2004-01-21,4.7025,4.7925,4.5525,4.775,612400
ALXN,2004-01-22,4.7575,4.775,4.55,4.55,310400
ALXN,2004-01-23,4.5375,4.67,4.51,4.67,372000
ALXN,2004-01-26,4.645,4.785,4.6125,4.7625,344000
ALXN,2004-01-27,4.81,4.8625,4.76,4.785,646400
ALXN,2004-01-28,4.7925,4.83,4.585,4.63,368800
ALXN,2004-01-29,4.7225,4.745,4.53,4.5675,498800
ALXN,2004-01-30,4.5775,4.5925,4.53,4.54,395600
ALXN,2004-02-02,4.5275,4.7475,4.5275,4.725,723600
ALXN,2004-02-03,4.7025,5.45,4.7025,5.325,2259200
ALXN,2004-02-04,5.3225,5.3375,4.8675,4.8675,1291600
ALXN,2004-02-05,4.935,5.2975,4.8875,5.005,1800800
ALXN,2004-02-06,5.0375,5.1325,5.0075,5.09,1426800
ALXN,2004-02-09,5.0725,5.4125,5.0675,5.2575,930800
ALXN,2004-02-10,5.4625,5.5925,5.2475,5.5925,1839200
ALXN,2004-02-11,5.595,5.6125,5.5,5.6125,883600
ALXN,2004-02-12,5.5675,5.59,5.4625,5.48,644800
ALXN,2004-02-13,5.48,5.57,5.3575,5.5025,490800
ALXN,2004-02-17,5.4875,5.5675,5.4475,5.48,729200
ALXN,2004-02-18,5.5375,5.57,5.455,5.5125,756400
ALXN,2004-02-19,5.535,5.575,5.35,5.35,423600
ALXN,2004-02-20,5.37,5.595,5.305,5.5,1133600
ALXN,2004-02-23,5.45,5.565,5.4075,5.5525,1278400
ALXN,2004-02-24,5.5375,5.91,5.5,5.8225,2663600
ALXN,2004-02-25,5.815,5.9,5.65,5.7275,1034399
ALXN,2004-02-26,5.8125,5.875,5.71,5.75,1047199
ALXN,2004-02-27,5.75,5.835,5.6875,5.7175,586800
ALXN,2004-03-01,5.715,5.765,5.705,5.725,509199
ALXN,2004-03-02,5.735,6.325,5.735,6.05,3719600
ALXN,2004-03-03,6.1275,6.145,6,6.135,997200
ALXN,2004-03-04,6.1475,6.22,6.075,6.1625,593600
ALXN,2004-03-05,6.1625,6.41,6.1625,6.355,1922000
ALXN,2004-03-08,6.3325,6.535,6.25,6.375,2038800
ALXN,2004-03-09,6.3375,6.415,5.985,6.0825,966800
ALXN,2004-03-10,6.065,6.275,5.7125,5.7325,1092800
ALXN,2004-03-11,5.7375,5.98,5.625,5.635,903199
ALXN,2004-03-12,5.7075,6.105,5.7075,6.105,552000
ALXN,2004-03-15,6.07,6.0725,5.72,5.73,766800
ALXN,2004-03-16,5.73,5.8875,5.5275,5.67,660400
ALXN,2004-03-17,5.6725,5.875,5.625,5.7675,490800
ALXN,2004-03-18,5.7875,5.935,5.6025,5.8425,703600
ALXN,2004-03-19,5.86,5.86,5.5475,5.5725,550000
ALXN,2004-03-22,5.5475,5.645,5.3375,5.4225,929600
ALXN,2004-03-23,5.56,5.635,5.3925,5.54,696000
ALXN,2004-03-24,5.5425,5.7125,5.18,5.2425,1435200
ALXN,2004-03-25,5.225,5.615,5.225,5.5725,645200
ALXN,2004-03-26,5.6,5.645,5.4975,5.515,441600
ALXN,2004-03-29,5.545,5.895,5.5175,5.875,1205200
ALXN,2004-03-30,5.8775,6.015,5.755,5.9875,602800
ALXN,2004-03-31,5.95,6.0975,5.875,5.9425,665200
ALXN,2004-04-01,5.8975,6.0775,5.895,6,480800
ALXN,2004-04-02,6.0125,6.1775,5.9125,5.9575,652400
ALXN,2004-04-05,5.965,6.1625,5.9575,6.125,456000
ALXN,2004-04-06,6.1075,6.125,5.8625,5.865,522400
ALXN,2004-04-07,5.855,6.05,5.78,5.98,376000
ALXN,2004-04-08,5.9875,6.0275,5.8,5.8775,243600
ALXN,2004-04-12,5.875,6.025,5.815,5.8775,350000
ALXN,2004-04-13,5.9225,5.925,5.6375,5.7025,766800
ALXN,2004-04-14,5.6825,5.85,5.5625,5.725,484800
ALXN,2004-04-15,5.735,6.0225,5.665,5.895,812400
ALXN,2004-04-16,5.92,5.9475,5.6325,5.935,544400
ALXN,2004-04-19,5.96,6.05,5.7575,6.0225,610800
ALXN,2004-04-20,6.035,6.17,5.8475,5.8475,572400
ALXN,2004-04-21,5.875,5.9825,5.7,5.9475,368400
ALXN,2004-04-22,5.995,6.25,5.95,6.12,610800
ALXN,2004-04-23,6.135,6.205,6.04,6.0875,434800
ALXN,2004-04-26,6.1525,6.485,6.1475,6.18,825200
ALXN,2004-04-27,6.1425,6.295,6.0525,6.1475,797200
ALXN,2004-04-28,6.1825,6.1825,5.9025,6.02,772000
ALXN,2004-04-29,5.955,6.1175,5.75,5.945,817200
ALXN,2004-04-30,5.9575,5.9925,5.43,5.63,1283200
ALXN,2004-05-03,5.64,5.8125,5.4925,5.7,755200
ALXN,2004-05-04,5.5675,5.7425,5.5,5.6175,769200
ALXN,2004-05-05,5.5825,5.75,5.5825,5.68,231600
ALXN,2004-05-06,5.665,5.675,5.48,5.5575,458400
ALXN,2004-05-07,5.555,5.575,5.3825,5.4375,600400
ALXN,2004-05-10,5.4125,5.415,5.1,5.24,1174400
ALXN,2004-05-11,5.2125,5.47,5.2125,5.24,899200
ALXN,2004-05-12,5.2275,5.2625,4.98,5.25,1317600
ALXN,2004-05-13,5.2625,5.3875,5.15,5.22,486799
ALXN,2004-05-14,5.175,5.3,4.98,5.2225,463600
ALXN,2004-05-17,5.1975,5.1975,5.0575,5.09,536400
ALXN,2004-05-18,5.1725,5.2625,4.9375,5.17,1459200
ALXN,2004-05-19,5.1925,5.37,5.0425,5.0675,559200
ALXN,2004-05-20,5.025,5.1025,4.8425,4.98,626400
ALXN,2004-05-21,5.0225,5.0975,4.8825,4.9825,375200
ALXN,2004-05-24,4.9975,5.0375,4.905,4.965,388000
ALXN,2004-05-25,4.9525,5.165,4.9225,5.125,977200
ALXN,2004-05-26,5.145,5.2075,5.05,5.2075,623600
ALXN,2004-05-27,5.1975,5.2725,5.0225,5.1175,360000
ALXN,2004-05-28,5.135,5.225,5.0125,5.0125,374400
ALXN,2004-06-01,5.1175,5.225,5.03,5.1875,468800
ALXN,2004-06-02,5.225,5.2575,5.1325,5.1575,374800
ALXN,2004-06-03,5.175,5.175,4.98,5.0025,448000
ALXN,2004-06-04,5.005,5.13,4.9175,5.02,382000
ALXN,2004-06-07,5.0675,5.185,5.025,5.1375,598800
ALXN,2004-06-08,5.125,5.15,4.7275,4.7825,1001600
ALXN,2004-06-09,4.7775,4.8025,4.4575,4.48,1909600
ALXN,2004-06-10,4.5375,4.5625,4.265,4.445,1035200
ALXN,2004-06-14,4.625,4.6375,4.375,4.45,1813200
ALXN,2004-06-15,4.4625,4.5125,4.3775,4.475,2167600
ALXN,2004-06-16,4.45,4.5,4.3525,4.48,951600
ALXN,2004-06-17,4.495,4.55,4.465,4.4875,899999
ALXN,2004-06-18,4.4325,4.62,4.405,4.575,653200
ALXN,2004-06-21,4.6375,4.7,4.5575,4.57,546800
ALXN,2004-06-22,4.585,4.635,4.5,4.5475,452000
ALXN,2004-06-23,4.6225,4.81,4.5825,4.7975,735600
ALXN,2004-06-24,4.8175,4.8275,4.67,4.78,556000
ALXN,2004-06-25,4.775,4.8675,4.7625,4.8025,2489200
ALXN,2004-06-28,4.8475,4.8875,4.625,4.6375,710800
ALXN,2004-06-29,4.645,4.705,4.565,4.6125,1293600
ALXN,2004-06-30,4.6425,4.7825,4.55,4.65,958400
ALXN,2004-07-01,4.6575,4.695,4.5275,4.55,447200
ALXN,2004-07-02,4.5375,4.57,4.4925,4.5225,186800
ALXN,2004-07-06,4.5,4.5375,4.4175,4.42,394400
ALXN,2004-07-07,4.42,4.5175,4.31,4.3275,386400
ALXN,2004-07-08,4.375,4.3875,4.195,4.195,492000
ALXN,2004-07-09,4.23,4.2975,4.12,4.2225,350000
ALXN,2004-07-12,4.2025,4.2025,4.105,4.16,614400
ALXN,2004-07-13,4.1325,4.21,4.1,4.1,517600
ALXN,2004-07-14,4.0325,4.225,4.0125,4.0875,1210800
ALXN,2004-07-15,4.09,4.14,4.0425,4.1025,451200
ALXN,2004-07-16,4.1025,4.1225,3.9025,3.92,517199
ALXN,2004-07-19,3.915,4.0725,3.875,4.015,814800
ALXN,2004-07-20,4.2125,4.3175,4.0525,4.2,1638800
ALXN,2004-07-21,3.935,4.0625,3.935,3.975,5590000
ALXN,2004-07-22,3.965,4.125,3.9375,3.9975,1479600
ALXN,2004-07-23,3.975,4.1075,3.8575,3.91,1056000
ALXN,2004-07-26,3.905,3.9825,3.7075,3.8,1150800
ALXN,2004-07-27,3.7925,3.93,3.7375,3.8625,980800
ALXN,2004-07-28,3.845,3.975,3.65,3.9625,1140400
ALXN,2004-07-29,3.985,4,3.81,3.92,1378400
ALXN,2004-07-30,3.925,4.085,3.89,3.98,1363200
ALXN,2004-08-02,3.95,4.02,3.82,3.9275,1180000
ALXN,2004-08-03,3.9325,3.9725,3.8375,3.855,763600
ALXN,2004-08-04,3.8475,3.935,3.745,3.745,1161200
ALXN,2004-08-05,3.75,3.845,3.6025,3.64,765600
ALXN,2004-08-06,3.6125,3.62,3.37,3.3925,1057600
ALXN,2004-08-09,3.375,3.5225,3.325,3.4,809600
ALXN,2004-08-10,3.4025,3.6425,3.4025,3.63,1008400
ALXN,2004-08-11,3.5875,3.7925,3.4625,3.765,1464000
ALXN,2004-08-12,3.72,3.82,3.6775,3.765,880400
ALXN,2004-08-13,3.82,3.825,3.7375,3.77,904800
ALXN,2004-08-16,3.79,3.8725,3.75,3.8325,888800
ALXN,2004-08-17,3.8625,4.01,3.8275,3.9325,1232800
ALXN,2004-08-18,3.9325,4.1225,3.8325,4.115,1282800
ALXN,2004-08-19,4.1,4.1175,3.895,3.9,831600
ALXN,2004-08-20,3.945,4.07,3.8925,4.07,511600
ALXN,2004-08-23,4.1075,4.1125,3.875,3.9175,689200
ALXN,2004-08-24,3.9525,4.0925,3.9525,4.0475,653200
ALXN,2004-08-25,4.05,4.1325,3.9625,4.125,510400
ALXN,2004-08-26,4.125,4.1325,3.95,4,678000
ALXN,2004-08-27,4,4.155,3.9925,4.155,427200
ALXN,2004-08-30,4.1225,4.1225,3.9925,4.0175,480399
ALXN,2004-08-31,4.01,4.09,3.94,4.09,622400
ALXN,2004-09-01,4.095,4.2175,3.98,4.0325,1090800
ALXN,2004-09-02,4.0475,4.085,3.975,4.085,544800
ALXN,2004-09-03,4.085,4.085,3.9325,3.935,440800
ALXN,2004-09-07,3.9825,4.0475,3.9625,4.0375,760800
ALXN,2004-09-08,4.04,4.07,3.99,4.025,390400
ALXN,2004-09-09,4.0325,4.18,3.9725,4.1025,546400
ALXN,2004-09-10,4.1025,4.25,4.0425,4.245,303200
ALXN,2004-09-13,4.235,4.45,4.2275,4.3825,1522000
ALXN,2004-09-14,4.3875,4.4425,4.275,4.4425,451200
ALXN,2004-09-15,4.45,4.5,4.295,4.4625,718800
ALXN,2004-09-16,4.48,4.615,4.46,4.5775,598800
ALXN,2004-09-17,4.55,4.6825,4.4625,4.51,1044800
ALXN,2004-09-20,4.4975,4.5325,4.45,4.465,442400
ALXN,2004-09-21,4.46,4.63,4.4525,4.6,245600
ALXN,2004-09-22,4.5875,4.5875,4.3,4.315,847200
ALXN,2004-09-23,4.3375,4.4,4.265,4.2925,260400
ALXN,2004-09-24,4.3125,4.5175,4.29,4.4825,544800
ALXN,2004-09-27,4.475,4.5,4.25,4.2775,554800
ALXN,2004-09-28,4.28,4.535,4.25,4.5025,792000
ALXN,2004-09-29,4.5125,4.5575,4.485,4.52,588800
ALXN,2004-09-30,4.5,4.605,4.4525,4.5,1234800
ALXN,2004-10-01,4.515,4.6925,4.49,4.6825,865600
ALXN,2004-10-04,4.6925,4.8,4.64,4.71,518400
ALXN,2004-10-05,4.6575,4.71,4.5375,4.55,879200
ALXN,2004-10-06,4.5775,4.7475,4.5775,4.7225,622800
ALXN,2004-10-07,4.7,4.7025,4.445,4.475,574800
ALXN,2004-10-08,4.4425,4.5575,4.4175,4.435,808000
ALXN,2004-10-11,4.4575,4.5875,4.4575,4.5875,282000
ALXN,2004-10-12,4.56,4.56,4.4375,4.5025,812400
ALXN,2004-10-13,4.5075,4.54,4.2775,4.2775,470799
ALXN,2004-10-14,4.255,4.3575,4.225,4.2425,371600
ALXN,2004-10-15,4.255,4.4,4.1525,4.36,496800
ALXN,2004-10-18,4.3825,4.6025,4.375,4.515,444800
ALXN,2004-10-19,4.5025,4.585,4.33,4.35,389200
ALXN,2004-10-20,4.35,4.375,4.3075,4.3325,384000
ALXN,2004-10-21,4.3075,4.3975,4.245,4.34,480399
ALXN,2004-10-22,4.375,4.3875,4.2125,4.245,410400
ALXN,2004-10-25,4.2325,4.3125,4.1925,4.2225,377600
ALXN,2004-10-26,4.2325,4.3425,4.2,4.335,408400
ALXN,2004-10-27,4.345,4.5475,4.3425,4.54,781600
ALXN,2004-10-28,4.495,4.53,4.465,4.515,372800
ALXN,2004-10-29,4.4725,4.4975,4.32,4.4625,489600
ALXN,2004-11-01,4.4725,4.555,4.3875,4.555,318400
ALXN,2004-11-02,4.5425,4.585,4.3175,4.3675,707600
ALXN,2004-11-03,4.48,4.5975,4.415,4.5225,668800
ALXN,2004-11-04,4.5325,4.85,4.4525,4.815,2259600
ALXN,2004-11-05,4.91,5.145,4.8525,4.9975,711600
ALXN,2004-11-08,4.965,5.045,4.8575,5.045,698400
ALXN,2004-11-09,5.0125,5.0775,4.95,5.0775,1161600
ALXN,2004-11-10,5.03,5.2125,5.03,5.2125,751600
ALXN,2004-11-11,5.1775,5.225,5.1225,5.1775,540800
ALXN,2004-11-12,5.145,5.3475,5.0225,5.28,568000
ALXN,2004-11-15,5.3075,5.3075,5.1875,5.27,519200
ALXN,2004-11-16,5.2375,5.3325,5.1525,5.1625,554800
ALXN,2004-11-17,5.19,5.285,5.0775,5.185,459200
ALXN,2004-11-18,5.21,5.21,5.1025,5.17,192400
ALXN,2004-11-19,5.1175,5.185,4.9225,4.9875,890399
ALXN,2004-11-22,4.915,5.2225,4.915,5.2025,981200
ALXN,2004-11-23,5.2225,5.2725,5.04,5.205,394400
ALXN,2004-11-24,5.2375,5.3,4.98,5.16,1088800
ALXN,2004-11-26,5.1775,5.2,5.0925,5.0925,353600
ALXN,2004-11-29,5.1575,5.1575,4.9775,5.0625,1203200
ALXN,2004-11-30,5.0175,5.1825,4.9825,5.17,562800
ALXN,2004-12-01,5.14,5.3925,5.14,5.2925,847200
ALXN,2004-12-02,5.33,5.405,5.1925,5.2675,689600
ALXN,2004-12-03,5.245,5.5,5.1875,5.5,1198400
ALXN,2004-12-06,5.515,5.7725,5.4925,5.6025,775200
ALXN,2004-12-07,5.625,5.6775,5.475,5.535,1342000
ALXN,2004-12-08,5.55,5.765,5.5325,5.625,764000
ALXN,2004-12-09,5.6,5.625,5.4575,5.585,891600
ALXN,2004-12-10,5.53,5.61,5.45,5.5525,923600
ALXN,2004-12-13,5.55,5.7975,5.535,5.7475,972000
ALXN,2004-12-14,5.7475,5.9575,5.735,5.9575,622400
ALXN,2004-12-15,5.9375,6.1425,5.9275,6.14,1403600
ALXN,2004-12-16,6.14,6.1475,6.0575,6.1275,2189600
ALXN,2004-12-17,6.1475,6.2575,6.1,6.225,1326000
ALXN,2004-12-20,6.2125,6.5075,6.1975,6.23,1926400
ALXN,2004-12-21,6.2125,6.25,6.0775,6.14,1662400
ALXN,2004-12-22,6.1425,6.175,6.0625,6.095,1357200
ALXN,2004-12-23,6.0875,6.16,6.045,6.1125,647200
ALXN,2004-12-27,6.095,6.1725,5.94,6.0825,476800
ALXN,2004-12-28,6.09,6.2975,6.07,6.22,560800
ALXN,2004-12-29,6.2425,6.27,6.0225,6.2675,1032000
ALXN,2004-12-30,6.2225,6.3025,6.1525,6.2875,630800
ALXN,2004-12-31,6.245,6.3,6.215,6.3,374000
ALXN,2005-01-03,6.3125,6.355,6.0725,6.0925,525200
ALXN,2005-01-04,6.1225,6.145,5.7375,5.86,1109200
ALXN,2005-01-05,6.12,6.1375,5.825,5.8425,2443200
ALXN,2005-01-06,5.915,6.055,5.8875,6,3871599
ALXN,2005-01-07,6.0125,6.0375,5.905,5.9325,1282000
ALXN,2005-01-10,5.915,6.12,5.8875,5.9575,1516400
ALXN,2005-01-11,5.9225,5.965,5.69,5.8025,1121200
ALXN,2005-01-12,5.855,5.865,5.6225,5.755,1869999
ALXN,2005-01-13,5.7425,5.85,5.5875,5.6575,918800
ALXN,2005-01-14,5.685,5.7325,5.51,5.6625,2045600
ALXN,2005-01-18,5.8625,6.2425,5.85,6.12,2681600
ALXN,2005-01-19,5.8475,5.96,5.8125,5.825,5559200
ALXN,2005-01-20,5.785,5.815,5.7,5.765,5796400
ALXN,2005-01-21,5.7525,5.925,5.7525,5.835,3585200
ALXN,2005-01-24,5.8425,5.9525,5.7875,5.9425,2202800
ALXN,2005-01-25,5.95,6.02,5.875,5.94,2968000
ALXN,2005-01-26,5.9625,6.0725,5.925,6.0275,2697600
ALXN,2005-01-27,6.0125,6.1625,6.0125,6.0875,2148400
ALXN,2005-01-28,6.0775,6.1625,6.0425,6.1575,982000
ALXN,2005-01-31,6.18,6.2,6.1425,6.185,1450400
ALXN,2005-02-01,6.275,6.3625,6.18,6.285,2169200
ALXN,2005-02-02,6.285,6.5875,6.24,6.505,2261200
ALXN,2005-02-03,6.5475,6.5525,6.45,6.4725,1288400
ALXN,2005-02-04,6.465,6.74,6.44,6.725,1720400
ALXN,2005-02-07,6.54,6.65,6.47,6.5175,2140400
ALXN,2005-02-08,6.5575,6.7025,6.455,6.535,1003600
ALXN,2005-02-09,6.515,6.555,6.0275,6.045,4332400
ALXN,2005-02-10,6.1375,6.15,5.91,6.07,1407600
ALXN,2005-02-11,6.12,6.3575,5.9925,6.24,1209200
ALXN,2005-02-14,6.2375,6.285,6.2025,6.25,416800
ALXN,2005-02-15,6.315,6.3575,6.2,6.2675,881600
ALXN,2005-02-16,6.24,6.2625,6.1475,6.2,639600
ALXN,2005-02-17,6.175,6.3125,6.07,6.1225,918800
ALXN,2005-02-18,6.15,6.225,6.01,6.0325,566000
ALXN,2005-02-22,6.0175,6.0375,5.76,5.7725,1208800
ALXN,2005-02-23,5.81,5.95,5.75,5.8525,984800
ALXN,2005-02-24,5.8675,5.9,5.7375,5.8625,631200
ALXN,2005-02-25,5.87,6,5.8525,5.9725,634800
ALXN,2005-02-28,5.9375,5.96,5.79,5.8375,638400
ALXN,2005-03-01,5.775,5.8275,5.475,5.6775,1735200
ALXN,2005-03-02,5.64,5.66,5.5,5.5325,1076400
ALXN,2005-03-03,5.555,5.625,5.4775,5.48,656400
ALXN,2005-03-04,5.475,5.58,5.125,5.275,1882000
ALXN,2005-03-07,5.26,5.5425,5.2375,5.2525,2206800
ALXN,2005-03-08,5.2525,5.28,5.105,5.135,1500800
ALXN,2005-03-09,5.125,5.1475,4.9475,5.095,1400400
ALXN,2005-03-10,5.1375,5.2075,5.02,5.0875,971600
ALXN,2005-03-11,5.0525,5.125,4.96,5.08,2634000
ALXN,2005-03-14,5.2325,5.565,5.2,5.4725,3110400
ALXN,2005-03-15,5.5125,5.6525,5.32,5.3925,1490400
ALXN,2005-03-16,5.3425,5.5,5.315,5.34,1046000
ALXN,2005-03-17,5.32,5.395,5.2975,5.3125,600400
ALXN,2005-03-18,5.29,5.3525,5.235,5.285,1360800
ALXN,2005-03-21,5.265,5.4,5.265,5.36,443599
ALXN,2005-03-22,5.36,5.5775,5.35,5.375,612400
ALXN,2005-03-23,5.35,5.7025,5.325,5.4925,1428000
ALXN,2005-03-24,5.515,5.6375,5.4625,5.525,874399
ALXN,2005-03-28,5.525,5.565,5.385,5.41,574800
ALXN,2005-03-29,5.3775,5.3975,5.2,5.2275,1294000
ALXN,2005-03-30,5.25,5.3925,5.205,5.385,1243600
ALXN,2005-03-31,5.3775,5.4175,5.3025,5.4175,1616800
ALXN,2005-04-01,5.4625,5.57,5.17,5.235,1070800
ALXN,2005-04-04,5.21,5.2125,5,5.02,2348400
ALXN,2005-04-05,5.02,5.09,4.99,5.0575,1149600
ALXN,2005-04-06,5.0825,5.27,5.06,5.125,1906400
ALXN,2005-04-07,5.135,5.18,5.05,5.15,2023599
ALXN,2005-04-08,5.15,5.18,5.06,5.13,704800
ALXN,2005-04-11,5.155,5.2375,5.0325,5.135,778400
ALXN,2005-04-12,5.135,5.3275,5.04,5.3,1315200
ALXN,2005-04-13,5.305,5.3325,5.2,5.2725,846400
ALXN,2005-04-14,5.26,5.375,5.15,5.165,1108000
ALXN,2005-04-15,5.1825,5.2025,5.02,5.1175,1163600
ALXN,2005-04-18,5.0875,5.19,5.0125,5.105,1191600
ALXN,2005-04-19,5.11,5.2675,5.1,5.25,1094400
ALXN,2005-04-20,5.2325,5.275,5.1275,5.17,1229200
ALXN,2005-04-21,5.19,5.4,5.175,5.3325,2158400
ALXN,2005-04-22,5.3375,5.38,5.25,5.3525,1292800
ALXN,2005-04-25,5.4225,5.4225,5.265,5.32,991600
ALXN,2005-04-26,5.3475,5.4325,5.265,5.315,511600
ALXN,2005-04-27,5.285,5.33,5.24,5.26,375200
ALXN,2005-04-28,5.2375,5.2925,5.17,5.1725,1425600
ALXN,2005-04-29,5.1775,5.2,5.055,5.185,700000
ALXN,2005-05-02,5.16,5.3075,5.07,5.1625,894000
ALXN,2005-05-03,5.16,5.275,5.14,5.215,812800
ALXN,2005-05-04,5.195,5.32,5.19,5.2875,918000
ALXN,2005-05-05,5.275,5.435,5.25,5.4175,765600
ALXN,2005-05-06,5.4375,5.5475,5.415,5.4625,726000
ALXN,2005-05-09,5.5,5.7725,5.4625,5.77,1369600
ALXN,2005-05-10,5.77,5.815,5.6125,5.6975,708400
ALXN,2005-05-11,5.73,5.735,5.55,5.7025,559600
ALXN,2005-05-12,5.705,5.835,5.53,5.6075,457200
ALXN,2005-05-13,5.6275,5.8425,5.6275,5.8075,1730400
ALXN,2005-05-16,5.7675,6,5.7675,5.9475,1241200
ALXN,2005-05-17,5.9025,5.9975,5.7675,5.835,722000
ALXN,2005-05-18,5.8625,5.975,5.85,5.875,2398400
ALXN,2005-05-19,5.8775,5.9875,5.855,5.95,1456000
ALXN,2005-05-20,5.9,5.9025,5.7425,5.7625,1009200
ALXN,2005-05-23,5.765,5.83,5.6575,5.675,2443200
ALXN,2005-05-24,5.6875,5.765,5.62,5.7025,1656800
ALXN,2005-05-25,5.695,5.7025,5.56,5.63,888800
ALXN,2005-05-26,5.65,5.7575,5.615,5.675,778800
ALXN,2005-05-27,5.7025,5.81,5.6275,5.75,576400
ALXN,2005-05-31,5.77,5.7725,5.625,5.6875,1019200
ALXN,2005-06-01,5.67,5.8725,5.63,5.69,1067600
ALXN,2005-06-02,5.6825,5.6975,5.6025,5.65,606400
ALXN,2005-06-03,5.675,5.8275,5.565,5.795,1595600
ALXN,2005-06-06,5.81,5.81,5.5,5.595,2024800
ALXN,2005-06-07,5.6225,5.6225,5.4675,5.47,1446800
ALXN,2005-06-08,5.4625,5.5025,5.4275,5.4325,632400
ALXN,2005-06-09,5.425,5.595,5.3625,5.495,1922400
ALXN,2005-06-10,5.5075,5.5075,5.38,5.4375,532400
ALXN,2005-06-13,5.4325,5.545,5.3975,5.48,589200
ALXN,2005-06-14,5.4925,5.5425,5.4575,5.5,693200
ALXN,2005-06-15,5.5225,5.5375,5.3775,5.44,792800
ALXN,2005-06-16,5.465,5.6775,5.4075,5.645,1653200
ALXN,2005-06-17,5.66,5.7925,5.6375,5.685,2156400
ALXN,2005-06-20,5.6725,5.8775,5.6725,5.825,1178400
ALXN,2005-06-21,5.82,5.9075,5.805,5.8675,495200
ALXN,2005-06-22,5.8675,5.95,5.7925,5.9275,1006000
ALXN,2005-06-23,5.9125,6.0275,5.7775,5.785,1506800
ALXN,2005-06-24,5.7875,5.9325,5.7425,5.8425,431200
ALXN,2005-06-27,5.835,6,5.7825,5.805,694400
ALXN,2005-06-28,5.82,5.995,5.7925,5.925,1555600
ALXN,2005-06-29,5.9275,5.97,5.755,5.78,1106400
ALXN,2005-06-30,5.79,5.8225,5.6525,5.76,2269600
ALXN,2005-07-01,5.775,5.9125,5.7575,5.9,1380800
ALXN,2005-07-05,5.92,5.9825,5.8475,5.88,1089600
ALXN,2005-07-06,5.88,6.0425,5.88,5.915,1008400
ALXN,2005-07-07,5.7925,6.0475,5.78,5.9925,659600
ALXN,2005-07-08,6,6.3125,5.9875,6.2625,996400
ALXN,2005-07-11,6.265,6.365,6.125,6.2325,1715200
ALXN,2005-07-12,6.2225,6.25,6.0625,6.22,539200
ALXN,2005-07-13,6.25,6.25,6.065,6.09,374000
ALXN,2005-07-14,6.0625,6.26,6.0525,6.2075,734400
ALXN,2005-07-15,6.1625,6.625,6.16,6.4325,2947200
ALXN,2005-07-18,6.4325,6.48,6.2725,6.3375,840400
ALXN,2005-07-19,6.345,6.385,6.2375,6.305,962000
ALXN,2005-07-20,6.2775,6.625,6.2775,6.605,1966399
ALXN,2005-07-21,6.6,6.7325,6.475,6.5675,1741999
ALXN,2005-07-22,6.555,6.645,6.36,6.575,1358000
ALXN,2005-07-25,6.5875,6.5875,6.465,6.475,416400
ALXN,2005-07-26,6.485,6.575,6.465,6.555,460400
ALXN,2005-07-27,6.5625,6.6425,6.4375,6.4625,830800
ALXN,2005-07-28,6.4325,6.63,6.415,6.615,421600
ALXN,2005-07-29,6.5275,6.53,6.38,6.51,1188800
ALXN,2005-08-01,6.525,6.62,6.46,6.56,819600
ALXN,2005-08-02,6.5975,6.9225,6.5425,6.89,2218000
ALXN,2005-08-03,6.88,6.8975,6.75,6.8075,925599
ALXN,2005-08-04,6.7775,6.8,6.71,6.7425,1805600
ALXN,2005-08-05,6.725,6.765,6.545,6.5675,1580400
ALXN,2005-08-08,6.5725,6.615,6.3075,6.435,1547200
ALXN,2005-08-09,6.425,6.5775,6.4,6.5675,786400
ALXN,2005-08-10,6.62,6.9275,6.56,6.875,2446800
ALXN,2005-08-11,6.8625,6.9125,6.75,6.83,1773999
ALXN,2005-08-12,6.6875,6.8225,6.675,6.75,3874800
ALXN,2005-08-15,6.735,6.855,6.66,6.845,2274400
ALXN,2005-08-16,6.8225,6.8925,6.7475,6.775,1646400
ALXN,2005-08-17,6.8075,6.85,6.6525,6.7075,1204400
ALXN,2005-08-18,6.6725,6.725,6.4875,6.6175,1004800
ALXN,2005-08-19,6.575,6.6825,6.5025,6.6025,850800
ALXN,2005-08-22,6.62,6.675,6.5875,6.655,560800
ALXN,2005-08-23,6.6575,6.77,6.635,6.6925,629200
ALXN,2005-08-24,6.7525,7.0725,6.7025,6.9825,2539600
ALXN,2005-08-25,6.995,7.145,6.95,7.0425,1022400
ALXN,2005-08-26,7.0475,7.0575,6.865,6.9375,826800
ALXN,2005-08-29,6.895,7.1125,6.895,7.07,1170800
ALXN,2005-08-30,7.075,7.245,7.075,7.165,1347600
ALXN,2005-08-31,7.1725,7.25,7.075,7.15,2833600
ALXN,2005-09-01,7.15,7.35,7.1325,7.265,1043200
ALXN,2005-09-02,7.2725,7.3,7.075,7.1425,506400
ALXN,2005-09-06,7.16,7.3125,7.1425,7.305,926000
ALXN,2005-09-07,7.29,7.43,7.22,7.42,1165200
ALXN,2005-09-08,7.39,7.495,7.31,7.3825,589600
ALXN,2005-09-09,7.385,7.5,7.385,7.4975,611600
ALXN,2005-09-12,7.4425,7.5,7.41,7.455,714400
ALXN,2005-09-13,7.4125,7.45,7.2575,7.43,715600
ALXN,2005-09-14,7.405,7.425,7.21,7.34,1200800
ALXN,2005-09-15,7.3425,7.38,7.125,7.215,1610400
ALXN,2005-09-16,7.2575,7.2675,7.09,7.1,1173200
ALXN,2005-09-19,7.0675,7.1175,7.055,7.09,602800
ALXN,2005-09-20,7.0775,7.325,7.005,7.0925,885200
ALXN,2005-09-21,7.0725,7.095,6.8575,6.895,1200400
ALXN,2005-09-22,6.8775,6.9575,6.795,6.9225,1512000
ALXN,2005-09-23,6.88,7.065,6.8375,6.9,720800
ALXN,2005-09-26,6.9525,7.0175,6.81,6.91,816800
ALXN,2005-09-27,6.875,6.88,6.74,6.7525,795600
ALXN,2005-09-28,6.7375,6.7725,6.665,6.7475,819600
ALXN,2005-09-29,6.745,6.95,6.725,6.85,934800
ALXN,2005-09-30,6.8375,6.945,6.81,6.9125,2770800
ALXN,2005-10-03,6.9375,7.0725,6.73,7.0075,2014800
ALXN,2005-10-04,7.0625,7.27,6.915,7.02,3143600
ALXN,2005-10-05,6.96,7,6.7075,6.74,3334800
ALXN,2005-10-06,6.6975,6.8025,6.5,6.645,2664800
ALXN,2005-10-07,6.7675,6.7975,6.5575,6.61,1503600
ALXN,2005-10-10,6.6125,6.7375,6.4925,6.6175,1242400
ALXN,2005-10-11,6.625,6.625,6.2,6.2125,3091200
ALXN,2005-10-12,6.195,6.2375,6.11,6.175,2475600
ALXN,2005-10-13,6.205,6.3,6.1,6.25,1896800
ALXN,2005-10-14,6.325,6.5375,6.265,6.5125,4736400
ALXN,2005-10-17,6.54,6.54,6.33,6.4975,1514800
ALXN,2005-10-18,6.4925,6.55,6.4,6.525,3287600
ALXN,2005-10-19,6.49,6.695,6.4225,6.68,2392800
ALXN,2005-10-20,6.665,6.665,6.43,6.4875,2111200
ALXN,2005-10-21,6.475,6.5975,6.465,6.5875,1564800
ALXN,2005-10-24,6.645,7.0675,6.58,6.725,3173200
ALXN,2005-10-25,6.705,6.925,6.6825,6.8125,1516000
ALXN,2005-10-26,6.7975,6.905,6.6825,6.74,894000
ALXN,2005-10-27,6.7125,6.785,6.6075,6.7,2105600
ALXN,2005-10-28,6.685,6.925,6.6125,6.7275,1424800
ALXN,2005-10-31,6.7425,7.05,6.715,6.8475,2663200
ALXN,2005-11-01,6.8,6.9075,6.7025,6.7525,2672800
ALXN,2005-11-02,6.7475,6.95,6.6825,6.9225,3632800
ALXN,2005-11-03,6.9325,7.05,6.845,6.865,2700400
ALXN,2005-11-04,6.875,7.11,6.875,6.9425,1792800
ALXN,2005-11-07,6.9675,7.1125,6.9575,7.04,2310000
ALXN,2005-11-08,7.04,7.1125,6.9625,7.01,2208800
ALXN,2005-11-09,7.0275,7.0325,6.86,6.8975,1514400
ALXN,2005-11-10,6.8975,6.9725,6.805,6.8975,1376400
ALXN,2005-11-11,6.88,6.9075,6.785,6.825,1124800
ALXN,2005-11-14,6.8425,6.995,6.79,6.9525,3288800
ALXN,2005-11-15,6.9525,7.225,6.935,7.1675,3557999
ALXN,2005-11-16,7.21,7.2225,7.0275,7.0975,1493600
ALXN,2005-11-17,7.1225,7.155,7.005,7.1225,1182000
ALXN,2005-11-18,7.18,7.2275,7.05,7.065,2666800
ALXN,2005-11-21,7.075,7.4775,7.0075,7.4475,6343200
ALXN,2005-11-22,7.45,7.455,7.375,7.39,2220000
ALXN,2005-11-23,5.3925,5.8125,5.2775,5.3825,60097200
ALXN,2005-11-25,5.4275,5.5,5.1975,5.2625,5838400
ALXN,2005-11-28,5.255,5.35,4.745,4.955,15944801
ALXN,2005-11-29,4.9525,4.96,4.5925,4.655,11377600
ALXN,2005-11-30,4.695,4.9275,4.64,4.8775,6920000
ALXN,2005-12-01,4.8875,4.9375,4.8125,4.9125,2706000
ALXN,2005-12-02,4.9,5.0575,4.85,5.0025,4096800
ALXN,2005-12-05,4.9975,5.135,4.98,5.0875,3689599
ALXN,2005-12-06,5.15,5.165,4.975,5.015,5001200
ALXN,2005-12-07,4.9775,5.0325,4.7825,4.9075,2920000
ALXN,2005-12-08,4.9,4.92,4.7875,4.8275,1750000
ALXN,2005-12-09,4.8025,4.9375,4.7875,4.9325,1362800
ALXN,2005-12-12,5.025,5.0375,4.85,4.95,3217600
ALXN,2005-12-13,4.9375,5,4.89,4.9225,1851600
ALXN,2005-12-14,4.9275,4.975,4.8525,4.9,2318400
ALXN,2005-12-15,4.95,5.0775,4.925,4.975,3471600
ALXN,2005-12-16,4.9875,5.065,4.975,5.035,3126000
ALXN,2005-12-19,5.0175,5.0775,4.8,4.86,1993600
ALXN,2005-12-20,4.8575,5.58,4.805,4.8725,36507600
ALXN,2005-12-21,4.85,5.12,4.85,5.0825,2809200
ALXN,2005-12-22,5.075,5.125,5,5.1,978000
ALXN,2005-12-23,5.125,5.1725,5.0475,5.15,976400
ALXN,2005-12-27,5.18,5.2325,4.99,5.0475,1372000
ALXN,2005-12-28,5.085,5.085,4.9775,5,2241200
ALXN,2005-12-29,4.9875,5.1475,4.9875,5.06,1801600
ALXN,2005-12-30,5.02,5.1075,4.955,5.0625,1540000
ALXN,2006-01-03,5.1025,5.1025,4.975,5.0725,1576000
ALXN,2006-01-04,5.0725,5.1525,5.035,5.105,2853200
ALXN,2006-01-05,5.12,5.145,5.02,5.0625,2049599
ALXN,2006-01-06,5.12,5.1225,5.045,5.1075,2402000
ALXN,2006-01-09,5.125,5.1825,5.05,5.18,1698800
ALXN,2006-01-10,5.1425,5.2,5.0925,5.1625,2105200
ALXN,2006-01-11,5.18,5.18,5.0575,5.0875,2732000
ALXN,2006-01-12,5.0975,5.12,4.99,5.015,2258000
ALXN,2006-01-13,5.0025,5.2725,5.0025,5.2375,2873200
ALXN,2006-01-17,5.2425,5.3575,5.1925,5.33,2215200
ALXN,2006-01-18,5.3375,5.53,5.315,5.49,4664800
ALXN,2006-01-19,5.51,5.5125,5.3525,5.4725,3340000
ALXN,2006-01-20,5.4875,5.5025,5.255,5.3325,3148400
ALXN,2006-01-23,5.375,5.5225,5.35,5.495,3677200
ALXN,2006-01-24,5.525,5.62,5.4225,5.5025,3931600
ALXN,2006-01-25,5.54,5.54,5.3975,5.4875,2624000
ALXN,2006-01-26,7.05,7.0625,6.5325,6.6,33716400
ALXN,2006-01-27,6.6025,7.115,6.5025,7.0025,7278800
ALXN,2006-01-30,6.9825,7.4875,6.85,7.3,6719200
ALXN,2006-01-31,7.3,7.385,7.125,7.205,5590800
ALXN,2006-02-01,7.245,7.6275,7.16,7.6275,5795200
ALXN,2006-02-02,7.6275,7.7425,7.43,7.6475,6844000
ALXN,2006-02-03,7.6475,7.73,7.55,7.66,3213600
ALXN,2006-02-06,7.67,7.735,7.4625,7.525,2941200
ALXN,2006-02-07,7.525,7.93,7.51,7.825,4424800
ALXN,2006-02-08,7.875,8.61,7.8375,8.45,10318400
ALXN,2006-02-09,8.54,8.59,8.275,8.5025,3312000
ALXN,2006-02-10,8.5125,8.6,8.2025,8.5475,2712800
ALXN,2006-02-13,8.53,8.5825,8.365,8.425,3340400
ALXN,2006-02-14,8.425,8.685,8.28,8.5275,2910800
ALXN,2006-02-15,8.5575,8.79,8.4425,8.76,2886000
ALXN,2006-02-16,8.8,8.905,8.79,8.865,3126400
ALXN,2006-02-17,8.865,9.035,8.815,8.9825,2310400
ALXN,2006-02-21,8.915,9.1625,8.91,9.1075,2363600
ALXN,2006-02-22,9.1,9.23,9.035,9.23,1943200
ALXN,2006-02-23,9.225,9.3025,9.155,9.2875,2344000
ALXN,2006-02-24,9.265,9.565,9.2525,9.555,2600800
ALXN,2006-02-27,9.5775,9.6575,9.4,9.59,3553200
ALXN,2006-02-28,9.57,9.63,9.15,9.395,3345200
ALXN,2006-03-01,9.39,9.435,9.1825,9.3875,2232000
ALXN,2006-03-02,9.335,9.335,9.03,9.1475,2244800
ALXN,2006-03-03,9.125,9.135,9.005,9.06,1704000
ALXN,2006-03-06,9.03,9.25,8.8125,9,1618000
ALXN,2006-03-07,9.1,9.2475,9.0375,9.1525,1588400
ALXN,2006-03-08,9.0725,9.33,8.9725,9.315,1121600
ALXN,2006-03-09,9.28,9.4175,9.225,9.3125,1614000
ALXN,2006-03-10,9.2875,9.955,9.0825,9.6,3298800
ALXN,2006-03-13,9.6,9.8475,9,9.4475,4748400
ALXN,2006-03-14,9.3875,9.455,9.245,9.33,1410400
ALXN,2006-03-15,9.355,9.465,9.255,9.335,985600
ALXN,2006-03-16,9.3875,9.47,9.2525,9.29,1077200
ALXN,2006-03-17,9.3475,9.36,9.165,9.17,1920000
ALXN,2006-03-20,9.2075,9.3225,9.165,9.25,1441200
ALXN,2006-03-21,9.2125,9.2475,8.83,8.8375,2461200
ALXN,2006-03-22,8.84,8.9325,8.5375,8.7425,2490800
ALXN,2006-03-23,8.75,8.86,8.615,8.725,1290000
ALXN,2006-03-24,8.665,8.7375,8.5725,8.73,574000
ALXN,2006-03-27,8.6925,8.855,8.5775,8.7,965200
ALXN,2006-03-28,8.7,8.8625,8.65,8.7275,654000
ALXN,2006-03-29,8.75,8.9375,8.7,8.9025,1213600
ALXN,2006-03-30,8.855,9.0375,8.855,8.92,1876000
ALXN,2006-03-31,8.9175,8.9675,8.705,8.855,1098000
ALXN,2006-04-03,8.8425,8.905,8.6275,8.655,1231600
ALXN,2006-04-04,8.645,8.7875,8.505,8.5775,710400
ALXN,2006-04-05,8.695,8.91,8.6025,8.69,796800
ALXN,2006-04-06,8.825,8.91,8.6275,8.65,2753600
ALXN,2006-04-07,8.6025,8.75,8.44,8.5,1053600
ALXN,2006-04-10,8.5375,8.6075,8.425,8.4875,2806000
ALXN,2006-04-11,8.5,8.5125,8.225,8.3075,1508400
ALXN,2006-04-12,8.33,8.5075,8.265,8.4625,850000
ALXN,2006-04-13,8.475,8.475,8.325,8.35,1046000
ALXN,2006-04-17,8.32,8.455,8.2025,8.3175,1101600
ALXN,2006-04-18,8.3825,8.475,8.3075,8.475,1886400
ALXN,2006-04-19,8.475,8.5,8.32,8.47,640400
ALXN,2006-04-20,8.4325,8.5675,8.3825,8.5625,636000
ALXN,2006-04-21,8.6325,8.77,8.4325,8.6475,1331600
ALXN,2006-04-24,8.615,8.6975,8.5275,8.69,824000
ALXN,2006-04-25,8.69,8.69,8.3925,8.4275,1052800
ALXN,2006-04-26,8.415,8.465,8.19,8.405,895200
ALXN,2006-04-27,8.4575,8.69,8.25,8.5025,2435600
ALXN,2006-04-28,8.45,8.6125,8.365,8.4975,716000
ALXN,2006-05-01,8.5575,8.64,8.3275,8.345,1880000
ALXN,2006-05-02,8.3975,8.495,8.14,8.1875,1097600
ALXN,2006-05-03,8.1525,8.2,7.9625,8.065,1400000
ALXN,2006-05-04,8.0575,8.245,8.0525,8.1475,660400
ALXN,2006-05-05,8.2075,8.305,8.115,8.2225,739200
ALXN,2006-05-08,8.22,8.24,8.1475,8.2375,1096400
ALXN,2006-05-09,8.2175,8.3275,8.2175,8.255,632800
ALXN,2006-05-10,8.27,8.3475,8.1875,8.2175,637200
ALXN,2006-05-11,8.1975,8.205,7.9975,8.0725,759600
ALXN,2006-05-12,8.0525,8.2625,7.875,8.14,3576800
ALXN,2006-05-15,8.1225,8.2075,7.895,7.9175,1268400
ALXN,2006-05-16,7.9125,7.98,7.7525,7.82,1720000
ALXN,2006-05-17,7.7625,7.9275,7.655,7.78,877599
ALXN,2006-05-18,7.7875,7.9625,7.4775,7.525,3012400
ALXN,2006-05-19,7.4975,7.755,7.4875,7.75,1978000
ALXN,2006-05-22,7.6975,7.7525,7.5725,7.6525,1396000
ALXN,2006-05-23,7.71,7.8375,7.5225,7.5525,1158800
ALXN,2006-05-24,7.535,7.7875,7.4525,7.5875,1716800
ALXN,2006-05-25,7.6875,7.94,7.6275,7.8925,1197600
ALXN,2006-05-26,7.96,8.2225,7.93,8.21,1279200
ALXN,2006-05-30,8.21,8.3025,8,8.0025,1208400
ALXN,2006-05-31,8,8.2475,8,8.1275,1596400
ALXN,2006-06-01,8.125,8.45,8.1025,8.44,1509200
ALXN,2006-06-02,8.475,8.63,8.405,8.4975,1127600
ALXN,2006-06-05,8.4575,8.4875,8.1875,8.2375,943600
ALXN,2006-06-06,8.285,8.3525,8.04,8.16,767600
ALXN,2006-06-07,8.185,8.4025,8.11,8.175,1402800
ALXN,2006-06-08,8.135,8.3125,7.985,8.2325,1374800
ALXN,2006-06-09,8.23,8.35,8.1225,8.125,1022800
ALXN,2006-06-12,8.2375,8.3125,8.155,8.175,1872800
ALXN,2006-06-13,8.23,8.295,7.9125,7.95,3973199
ALXN,2006-06-14,7.9325,8.07,7.875,7.9875,2680400
ALXN,2006-06-15,8.02,8.17,8.02,8.1325,1748399
ALXN,2006-06-16,8.095,8.22,8.0375,8.155,2984400
ALXN,2006-06-19,8.19,8.245,7.975,8.1575,1940399
ALXN,2006-06-20,8.135,8.285,8.125,8.1675,1196400
ALXN,2006-06-21,8.1825,8.3675,8.1825,8.2825,870400
ALXN,2006-06-22,8.26,8.4575,8.2125,8.4025,1660400
ALXN,2006-06-23,8.3825,8.8125,8.3425,8.785,2743200
ALXN,2006-06-26,8.84,8.96,8.7225,8.8575,2153600
ALXN,2006-06-27,8.89,8.935,8.6625,8.69,2604000
ALXN,2006-06-28,8.715,8.785,8.6475,8.7575,1673200
ALXN,2006-06-29,8.625,9.005,8.625,8.9425,2530400
ALXN,2006-06-30,8.995,9.1925,8.975,9.03,1891200
ALXN,2006-07-03,9.03,9.0775,8.9025,9.06,602000
ALXN,2006-07-05,9,9.035,8.8075,9.0125,2080000
ALXN,2006-07-06,9,9.0175,8.865,8.9575,1878000
ALXN,2006-07-07,8.92,9.0275,8.77,8.93,1544000
ALXN,2006-07-10,8.9425,9.0475,8.75,8.8125,664800
ALXN,2006-07-11,8.79,8.84,8.58,8.7475,1092400
ALXN,2006-07-12,8.715,8.855,8.655,8.675,398800
ALXN,2006-07-13,8.6325,8.7075,8.5,8.525,858800
ALXN,2006-07-14,8.5075,8.56,8.305,8.315,1503600
ALXN,2006-07-17,8.3025,8.4475,8.09,8.2525,1188000
ALXN,2006-07-18,8.275,8.34,8.0425,8.1425,1778800
ALXN,2006-07-19,8.1225,8.595,8.1225,8.4625,1081200
ALXN,2006-07-20,8.495,8.55,8.23,8.2525,865200
ALXN,2006-07-21,8.225,8.2925,8.0375,8.2325,697200
ALXN,2006-07-24,8.2575,8.42,8.2575,8.3425,932400
ALXN,2006-07-25,8.315,8.6475,8.3075,8.4925,1132400
ALXN,2006-07-26,8.45,8.6675,8.2875,8.535,681600
ALXN,2006-07-27,8.5975,8.62,8.395,8.4925,612400
ALXN,2006-07-28,8.555,8.6475,8.3375,8.6075,886400
ALXN,2006-07-31,8.585,8.7375,8.51,8.59,1067600
ALXN,2006-08-01,8.535,8.7325,8.5175,8.625,1461600
ALXN,2006-08-02,8.67,8.6875,8.475,8.525,1184800
ALXN,2006-08-03,8.465,8.6675,8.4025,8.575,1055200
ALXN,2006-08-04,8.6375,8.705,8.445,8.56,1188400
ALXN,2006-08-07,8.5425,8.545,8.3,8.4775,1204000
ALXN,2006-08-08,8.4675,8.4675,8.155,8.1875,1805600
ALXN,2006-08-09,8.2125,8.2575,7.9275,7.9575,1625600
ALXN,2006-08-10,7.9275,8.125,7.9,8.02,748400
ALXN,2006-08-11,8,8.08,7.91,7.975,995600
ALXN,2006-08-14,7.9975,8.0675,7.855,7.865,834400
ALXN,2006-08-15,7.9625,8.24,7.9075,8.21,1140000
ALXN,2006-08-16,8.2525,8.3075,8.1525,8.3025,780000
ALXN,2006-08-17,8.2675,8.5225,8.2475,8.375,850400
ALXN,2006-08-18,8.42,8.735,8.32,8.635,2845600
ALXN,2006-08-21,8.69,8.78,8.5975,8.6625,1536000
ALXN,2006-08-22,8.6375,8.7775,8.59,8.74,1057600
ALXN,2006-08-23,8.7175,8.8475,8.625,8.685,1188400
ALXN,2006-08-24,8.675,8.7975,8.59,8.765,576000
ALXN,2006-08-25,8.7325,8.8375,8.715,8.75,736400
ALXN,2006-08-28,8.7725,9.1225,8.765,9.1125,1890800
ALXN,2006-08-29,9.125,9.7125,9.035,9.67,4177200
ALXN,2006-08-30,9.715,9.715,9.3375,9.41,2772400
ALXN,2006-08-31,9.4375,9.535,9.365,9.3875,1862800
ALXN,2006-09-01,9.4175,9.5,9.3625,9.3875,891200
ALXN,2006-09-05,9.35,9.395,9.15,9.225,2352400
ALXN,2006-09-06,9.1575,9.175,8.8525,8.8525,2125600
ALXN,2006-09-07,8.825,8.9875,8.7725,8.8075,2506800
ALXN,2006-09-08,8.85,8.9625,8.755,8.9175,784400
ALXN,2006-09-11,8.875,8.9275,8.695,8.7725,1613200
ALXN,2006-09-12,8.76,8.9975,8.7,8.88,2207200
ALXN,2006-09-13,8.9,8.975,8.7625,8.7725,1385600
ALXN,2006-09-14,8.735,8.7975,8.585,8.605,1524000
ALXN,2006-09-15,8.65,8.7075,8.305,8.3675,3022400
ALXN,2006-09-18,8.3275,8.455,8.315,8.34,2151600
ALXN,2006-09-19,8.3025,8.4125,8.1175,8.3075,2125200
ALXN,2006-09-20,8.3725,8.4325,8.27,8.355,2079600
ALXN,2006-09-21,8.41,8.4625,8.14,8.1975,2329200
ALXN,2006-09-22,8.18,8.18,8.01,8.1525,1604400
ALXN,2006-09-25,8.18,8.4175,8.0975,8.355,1618800
ALXN,2006-09-26,8.3825,8.4625,8.3,8.36,931999
ALXN,2006-09-27,8.3175,8.6075,8.2775,8.5775,1779200
ALXN,2006-09-28,8.6075,8.655,8.465,8.5775,1324800
ALXN,2006-09-29,8.595,8.6375,8.485,8.495,855600
ALXN,2006-10-02,8.47,8.9625,8.47,8.71,2907600
ALXN,2006-10-03,8.67,8.8525,8.5475,8.85,2189200
ALXN,2006-10-04,8.86,9.2375,8.785,9.135,3247200
ALXN,2006-10-05,9.1125,9.2775,9.0375,9.2375,1853200
ALXN,2006-10-06,9.1875,9.485,9.085,9.3375,3216400
ALXN,2006-10-09,9.305,9.425,9.245,9.2525,1284000
ALXN,2006-10-10,9.2775,9.37,9.165,9.21,1334800
ALXN,2006-10-11,9.155,9.305,9.0275,9.12,949200
ALXN,2006-10-12,9.15,9.2375,9.1375,9.215,630400
ALXN,2006-10-13,9.25,9.45,9.1575,9.415,2397600
ALXN,2006-10-16,9.39,9.525,9.35,9.505,1352000
ALXN,2006-10-17,9.41,9.745,9.41,9.6025,3274800
ALXN,2006-10-18,9.665,9.72,9.3975,9.4925,2934400
ALXN,2006-10-19,9.465,9.6,9.34,9.38,1804800
ALXN,2006-10-20,9.41,9.565,9.2625,9.49,2215200
ALXN,2006-10-23,9.49,9.5275,9.3175,9.4275,771600
ALXN,2006-10-24,9.435,9.465,9.2775,9.34,800800
ALXN,2006-10-25,9.33,9.38,9.1875,9.33,864799
ALXN,2006-10-26,9.38,9.5075,9.2975,9.475,844800
ALXN,2006-10-27,9.475,9.7125,9.385,9.395,1516000
ALXN,2006-10-30,9.4625,9.5125,9.2775,9.42,979600
ALXN,2006-10-31,9.4825,9.495,9.27,9.34,971600
ALXN,2006-11-01,9.36,9.89,9.31,9.6425,4780800
ALXN,2006-11-02,9.6,9.68,9.3775,9.655,2132400
ALXN,2006-11-03,9.695,9.73,9.435,9.545,1177600
ALXN,2006-11-06,9.57,9.8375,9.57,9.695,2394400
ALXN,2006-11-07,9.715,9.835,9.7,9.7775,1448400
ALXN,2006-11-08,9.7525,9.9375,9.735,9.9225,1420800
ALXN,2006-11-09,9.9075,10.2925,9.81,10.2875,4051200
ALXN,2006-11-10,10.3275,10.8175,10.3275,10.775,5850800
ALXN,2006-11-13,10.75,10.935,10.6425,10.6925,4877200
ALXN,2006-11-14,10.7425,10.7425,10.195,10.455,3810000
ALXN,2006-11-15,10.1975,10.86,10.125,10.8375,3663199
ALXN,2006-11-16,10.985,11.2975,10.935,11.2625,8858400
ALXN,2006-11-17,11.275,11.4325,11.0275,11.35,3170000
ALXN,2006-11-20,11.365,11.395,11.175,11.3175,1696000
ALXN,2006-11-21,11.325,11.335,11.04,11.1675,2210000
ALXN,2006-11-22,11.21,11.2425,11.0325,11.135,1443200
ALXN,2006-11-24,11.065,11.065,10.915,11,526000
ALXN,2006-11-27,11.025,11.025,10.5725,10.76,3029200
ALXN,2006-11-28,10.72,10.8425,10.6625,10.75,4790000
ALXN,2006-11-29,10.8425,11,10.7975,10.8125,3249200
ALXN,2006-11-30,10.82,10.9725,10.705,10.805,3362400
ALXN,2006-12-01,10.8025,10.9225,10.625,10.7325,1818799
ALXN,2006-12-04,10.78,11.0425,10.7375,10.91,2605200
ALXN,2006-12-05,10.95,10.95,10.73,10.89,3289200
ALXN,2006-12-06,10.905,11.1925,10.885,11.1375,2674400
ALXN,2006-12-07,11.145,11.2325,10.9375,11.025,1412000
ALXN,2006-12-08,11.0275,11.2225,10.945,11.1525,1717600
ALXN,2006-12-11,11.195,11.2375,11.035,11.1725,2426800
ALXN,2006-12-12,11.1375,11.1925,10.97,11.0525,1516000
ALXN,2006-12-13,11.125,11.1775,10.9475,10.9775,1316000
ALXN,2006-12-14,10.955,11.015,10.7875,10.855,1932400
ALXN,2006-12-15,10.8825,11,10.8075,10.8525,1571200
ALXN,2006-12-18,10.8175,10.89,10.4575,10.4675,2193600
ALXN,2006-12-19,10.4325,10.45,10.215,10.25,2707600
ALXN,2006-12-20,10.285,10.485,10.2325,10.335,1372400
ALXN,2006-12-21,10.3325,10.49,10.205,10.2325,1316400
ALXN,2006-12-22,10.265,10.515,10.2425,10.335,1252800
ALXN,2006-12-26,10.3175,10.445,10.29,10.355,1108000
ALXN,2006-12-27,10.335,10.4575,10.235,10.26,1117600
ALXN,2006-12-28,10.275,10.315,10.0575,10.1,1456800
ALXN,2006-12-29,10.1375,10.1425,10.065,10.0975,1048000
ALXN,2007-01-03,10.1225,10.3275,9.97,10.1525,3262000
ALXN,2007-01-04,10.125,10.2325,10.005,10.1825,1778400
ALXN,2007-01-05,10.15,10.365,10.0575,10.115,3025200
ALXN,2007-01-08,10.0925,10.135,9.8225,9.8375,2300000
ALXN,2007-01-09,9.86,9.87,9.655,9.7625,3556000
ALXN,2007-01-10,9.72,10.12,9.6925,10.095,3366000
ALXN,2007-01-11,10.1175,10.2725,10.04,10.22,2340400
ALXN,2007-01-12,10.24,10.32,10.1775,10.2875,1527200
ALXN,2007-01-16,10.3225,10.4725,10.2975,10.4175,1848800
ALXN,2007-01-17,10.4125,10.6725,10.3875,10.63,2997600
ALXN,2007-01-18,10.6225,10.6625,10.4675,10.505,1482400
ALXN,2007-01-19,10.48,10.7425,10.4725,10.7175,1550800
ALXN,2007-01-22,10.6875,10.7175,10.4875,10.54,2526400
ALXN,2007-01-23,10.5225,10.625,10.4575,10.59,1521600
ALXN,2007-01-24,10.6175,10.69,10.525,10.58,1351200
ALXN,2007-01-25,10.6225,10.6225,10.4775,10.495,1362000
ALXN,2007-01-26,10.5325,10.565,10.3275,10.3925,1149200
ALXN,2007-01-29,10.3925,10.58,10.31,10.3325,1411600
ALXN,2007-01-30,10.35,10.41,10.265,10.2775,901200
ALXN,2007-01-31,10.2725,10.455,10.19,10.3925,843200
ALXN,2007-02-01,10.4425,10.67,10.4025,10.6075,2448400
ALXN,2007-02-02,10.645,10.675,10.4025,10.485,945200
ALXN,2007-02-05,10.5125,10.72,10.195,10.225,2563200
ALXN,2007-02-06,10.235,10.35,10.2,10.34,3530400
ALXN,2007-02-07,10.335,10.4025,10.21,10.3025,1947600
ALXN,2007-02-08,10.265,10.33,10.1025,10.1675,1744000
ALXN,2007-02-09,10.1775,10.19,9.95,9.9775,1710800
ALXN,2007-02-12,10.0125,10.0825,9.7975,9.91,2264800
ALXN,2007-02-13,9.895,10.0475,9.8325,9.9125,1248000
ALXN,2007-02-14,9.9075,10.035,9.835,9.855,1485200
ALXN,2007-02-15,9.945,10,9.8075,9.895,2841200
ALXN,2007-02-16,9.8125,9.815,9.6,9.76,3585600
ALXN,2007-02-20,9.7625,9.8425,9.5675,9.7525,2679200
ALXN,2007-02-21,9.7125,9.795,9.6275,9.735,1041200
ALXN,2007-02-22,9.7375,9.815,9.565,9.72,1528800
ALXN,2007-02-23,9.7325,9.79,9.6025,9.7275,1480400
ALXN,2007-02-26,9.7275,9.7525,9.57,9.655,1229200
ALXN,2007-02-27,9.5675,9.7875,9.26,9.325,3734000
ALXN,2007-02-28,9.375,9.375,9.12,9.22,2058799
ALXN,2007-03-01,9.125,9.2875,9.0475,9.2575,3526400
ALXN,2007-03-02,9.25,9.335,8.94,8.9825,2004000
ALXN,2007-03-05,8.915,9.175,8.8875,8.9425,1906800
ALXN,2007-03-06,8.98,9.09,8.7825,9.0725,2990400
ALXN,2007-03-07,9.0725,9.2225,9.06,9.1425,2311200
ALXN,2007-03-08,9.25,9.455,9.1425,9.35,2113600
ALXN,2007-03-09,9.4425,9.4425,9.1925,9.27,1138800
ALXN,2007-03-12,9.2325,9.4125,9.23,9.375,1574400
ALXN,2007-03-13,9.3275,9.3975,9.0625,9.07,2169600
ALXN,2007-03-14,9.07,9.2675,8.9575,9.2525,2994400
ALXN,2007-03-15,9.2575,9.385,9.2225,9.3425,1869999
ALXN,2007-03-16,9.34,10.1,9.275,10.0375,18148400
ALXN,2007-03-19,10.085,10.175,9.6875,9.75,5557600
ALXN,2007-03-20,9.7225,9.98,9.7075,9.84,2828800
ALXN,2007-03-21,9.8925,9.93,9.7825,9.8225,2887200
ALXN,2007-03-22,9.835,10.1775,9.7575,10.1375,4710000
ALXN,2007-03-23,10.155,10.1975,9.7525,10.0175,2109200
ALXN,2007-03-26,11.3775,11.445,10.9075,10.945,24500400
ALXN,2007-03-27,10.8775,11.0025,10.75,10.87,5686000
ALXN,2007-03-28,10.8,10.895,10.745,10.7925,3982800
ALXN,2007-03-29,10.82,10.9425,10.815,10.915,3775599
ALXN,2007-03-30,10.88,11,10.755,10.81,3409600
ALXN,2007-04-02,10.785,10.87,10.5625,10.72,3885200
ALXN,2007-04-03,10.6975,11.0825,10.6275,10.8825,3692800
ALXN,2007-04-04,10.9,10.985,10.815,10.955,2109600
ALXN,2007-04-05,11.02,11.25,10.9575,11.115,2601200
ALXN,2007-04-09,11.09,11.1,10.955,11.005,1707600
ALXN,2007-04-10,10.9725,11.1925,10.95,11.095,1675600
ALXN,2007-04-11,11.0575,11.065,10.88,11.0475,2855200
ALXN,2007-04-12,10.975,11.1475,10.8875,11.14,3518400
ALXN,2007-04-13,11.1125,11.2475,11.0875,11.24,2489200
ALXN,2007-04-16,11.2475,11.25,11.18,11.2125,1617600
ALXN,2007-04-17,11.245,11.245,10.9675,10.9825,2664400
ALXN,2007-04-18,11.065,11.065,10.8625,10.895,1834799
ALXN,2007-04-19,10.8775,11.04,10.7975,10.8525,1375600
ALXN,2007-04-20,10.895,10.9925,10.895,10.95,1296400
ALXN,2007-04-23,10.97,11.085,10.95,10.9925,1102800
ALXN,2007-04-24,11.0525,11.095,10.78,10.87,2948000
ALXN,2007-04-25,10.9125,10.925,10.685,10.7325,2100800
ALXN,2007-04-26,10.735,10.755,10.5375,10.7525,2467600
ALXN,2007-04-27,10.915,10.9325,10.5925,10.6375,2203200
ALXN,2007-04-30,10.63,10.7275,10.43,10.465,2348400
ALXN,2007-05-01,10.6775,10.725,10.2375,10.6775,4076399
ALXN,2007-05-02,10.6775,10.9525,10.6775,10.895,2931200
ALXN,2007-05-03,10.915,10.935,10.77,10.84,1499200
ALXN,2007-05-04,10.905,11.7275,10.8375,11.4725,6998400
ALXN,2007-05-07,11.3575,11.575,11.3125,11.5125,4085599
ALXN,2007-05-08,11.5125,11.86,11.475,11.8425,5523200
ALXN,2007-05-09,11.7625,12.08,11.7575,12.0475,4464000
ALXN,2007-05-10,11.975,12.0975,11.545,11.56,4263200
ALXN,2007-05-11,11.5675,11.785,11.5025,11.7625,3027600
ALXN,2007-05-14,11.71,11.8475,11.6275,11.6725,2030399
ALXN,2007-05-15,11.6425,11.8275,11.505,11.595,2087599
ALXN,2007-05-16,11.6125,11.725,11.495,11.675,2102400
ALXN,2007-05-17,11.6675,11.7425,11.5475,11.59,1340800
ALXN,2007-05-18,11.63,11.8325,11.4325,11.8125,2558400
ALXN,2007-05-21,11.7875,11.9925,11.67,11.9275,1892000
ALXN,2007-05-22,11.91,12.09,11.81,11.8675,1684800
ALXN,2007-05-23,11.8725,12.125,11.76,11.8225,1844000
ALXN,2007-05-24,11.8,11.9425,11.6525,11.745,1896800
ALXN,2007-05-25,11.7575,11.8675,11.7025,11.835,918800
ALXN,2007-05-29,11.815,12.0325,11.755,11.7925,2266000
ALXN,2007-05-30,11.755,12.115,11.6825,12.11,3308000
ALXN,2007-05-31,12.11,12.1425,11.9375,12.1425,3393600
ALXN,2007-06-01,12.105,12.3475,12.0325,12.3025,3317200
ALXN,2007-06-04,12.24,12.555,12.1575,12.5325,2865200
ALXN,2007-06-05,12.5,12.59,12.42,12.5,1852400
ALXN,2007-06-06,12.4275,12.5225,12.3325,12.34,1662000
ALXN,2007-06-07,12.345,12.345,11.88,11.8925,3055600
ALXN,2007-06-08,11.885,12.125,11.7825,11.98,1631600
ALXN,2007-06-11,11.975,11.975,11.7275,11.7625,2360400
ALXN,2007-06-12,11.705,11.76,11.3475,11.6025,4130000
ALXN,2007-06-13,11.62,11.755,11.5275,11.725,1674400
ALXN,2007-06-14,11.7275,11.96,11.7275,11.915,1433600
ALXN,2007-06-15,11.9925,12.1875,11.875,12.1325,2655200
ALXN,2007-06-18,12.175,12.195,11.85,11.9,1260000
ALXN,2007-06-19,11.835,12.0825,11.745,12.07,1814400
ALXN,2007-06-20,12.09,12.1225,11.6575,11.675,2327200
ALXN,2007-06-21,11.64,11.685,11.505,11.5825,1808000
ALXN,2007-06-22,11.5625,11.5825,11.255,11.3325,2834400
ALXN,2007-06-25,11.32,11.32,11.0325,11.16,3069600
ALXN,2007-06-26,11.1575,11.2175,10.9275,11,2005200
ALXN,2007-06-27,10.93,11.445,10.8725,11.4375,4365200
ALXN,2007-06-28,11.4025,11.4075,11.195,11.365,2566400
ALXN,2007-06-29,11.3875,11.4625,11.205,11.265,2195600
ALXN,2007-07-02,11.3275,11.6175,11.3175,11.595,1802799
ALXN,2007-07-03,11.5775,11.73,11.5775,11.67,997200
ALXN,2007-07-05,11.705,11.705,11.4,11.4825,1568800
ALXN,2007-07-06,11.4625,11.5725,11.36,11.5475,1030000
ALXN,2007-07-09,11.625,11.7125,11.5775,11.71,2032800
ALXN,2007-07-10,11.7475,12.0775,11.66,11.9875,4018799
ALXN,2007-07-11,12,12.0575,11.8525,11.915,1656800
ALXN,2007-07-12,11.9625,12.21,11.895,12.195,1702400
ALXN,2007-07-13,12.1825,12.55,11.97,12.5125,3142800
ALXN,2007-07-16,12.555,12.7025,12.3125,12.3925,3035200
ALXN,2007-07-17,12.4775,12.6475,12.2675,12.4925,2616800
ALXN,2007-07-18,12.52,12.725,12.2725,12.7125,5686400
ALXN,2007-07-19,12.735,12.995,12.62,12.8225,6655600
ALXN,2007-07-20,12.795,12.8225,12.4875,12.625,3280000
ALXN,2007-07-23,12.65,12.87,12.595,12.705,3424800
ALXN,2007-07-24,12.7625,12.8275,12.38,12.42,4693200
ALXN,2007-07-25,14.2125,14.8025,13.88,14.595,25012400
ALXN,2007-07-26,14.535,14.58,14.0825,14.295,7455600
ALXN,2007-07-27,14.2175,15.0375,14.025,14.655,9366400
ALXN,2007-07-30,14.5875,14.9375,14.5125,14.8425,5232800
ALXN,2007-07-31,14.965,15.06,14.49,14.54,5156800
ALXN,2007-08-01,14.5,14.8975,14.465,14.73,3906000
ALXN,2007-08-02,14.8225,15.295,14.575,15.2825,4810800
ALXN,2007-08-03,15.25,15.775,15.1225,15.32,5983200
ALXN,2007-08-06,15.3975,15.5325,14.935,15.5025,4447600
ALXN,2007-08-07,15.4425,16.2875,15.405,16.03,6093600
ALXN,2007-08-08,15.45,16.4875,15.45,16.2975,10066000
ALXN,2007-08-09,16.1325,16.9875,15.9275,16.2975,7644800
ALXN,2007-08-10,16.0225,16.38,15.17,15.49,7015200
ALXN,2007-08-13,15.625,15.75,15.0525,15.1825,3606000
ALXN,2007-08-14,15.185,15.2875,14.6975,14.7575,4414400
ALXN,2007-08-15,14.7675,15.0175,14.625,14.6925,3393600
ALXN,2007-08-16,14.6825,14.79,14.135,14.4775,4340400
ALXN,2007-08-17,14.92,15.25,14.4425,14.585,3719200
ALXN,2007-08-20,14.62,14.665,14.0775,14.555,5319200
ALXN,2007-08-21,14.5425,14.8875,14.48,14.725,3391200
ALXN,2007-08-22,14.7875,14.9575,14.72,14.8175,1690000
ALXN,2007-08-23,14.9125,15.0625,14.5075,14.5625,2195200
ALXN,2007-08-24,14.57,14.7275,14.4375,14.7175,1094000
ALXN,2007-08-27,14.7,14.7325,14.425,14.4475,1087600
ALXN,2007-08-28,14.3225,14.3925,14,14.0025,1767999
ALXN,2007-08-29,14.11,14.6175,13.95,14.6,2433200
ALXN,2007-08-30,14.46,14.75,14.46,14.5875,1478000
ALXN,2007-08-31,14.6375,15.2,14.6275,15.1175,2900400
ALXN,2007-09-04,15.2075,16.155,15.195,16.0375,5208000
ALXN,2007-09-05,15.9375,16.3925,15.82,16.325,3738400
ALXN,2007-09-06,16.35,16.3675,16.105,16.2775,2432000
ALXN,2007-09-07,16.05,16.275,15.8475,16.2625,2780000
ALXN,2007-09-10,16.295,16.495,15.935,16.215,2748000
ALXN,2007-09-11,16.3325,16.465,16.1675,16.2725,1564000
ALXN,2007-09-12,16.18,16.405,15.885,15.915,2426400
ALXN,2007-09-13,15.9425,16,15.7325,15.8275,1542800
ALXN,2007-09-14,15.6925,15.7075,15.2375,15.4375,3791999
ALXN,2007-09-17,15.375,15.6425,15.3125,15.38,2154400
ALXN,2007-09-18,15.495,16.345,15.425,16.04,3763200
ALXN,2007-09-19,16.1475,16.32,16.095,16.2225,2060000
ALXN,2007-09-20,16.135,16.2675,15.85,15.915,1070000
ALXN,2007-09-21,16.065,16.065,15.82,15.8475,1842400
ALXN,2007-09-24,15.85,16.475,15.75,16.34,1882799
ALXN,2007-09-25,16.23,16.725,16.19,16.54,2430000
ALXN,2007-09-26,16.5475,16.9575,16.505,16.675,2268000
ALXN,2007-09-27,16.89,16.9025,16.33,16.37,1298400
ALXN,2007-09-28,16.3875,16.575,16.21,16.2875,1321600
ALXN,2007-10-01,16.2125,16.975,16.1925,16.7075,2907200
ALXN,2007-10-02,16.87,16.875,16.535,16.7775,1948800
ALXN,2007-10-03,16.66,17.345,16.6325,16.8775,3318800
ALXN,2007-10-04,17,17.4675,16.995,17.0775,2231600
ALXN,2007-10-05,17.3325,17.4425,17.17,17.245,2377200
ALXN,2007-10-08,17.415,17.775,17.2575,17.6525,2810800
ALXN,2007-10-09,17.6675,18.0175,17.57,17.75,2572800
ALXN,2007-10-10,17.7025,18.135,17.7025,18.115,2236000
ALXN,2007-10-11,18.1725,18.545,17.45,17.69,6802800
ALXN,2007-10-12,18.245,18.2475,17.765,17.845,3027200
ALXN,2007-10-15,17.8375,17.92,17.015,17.23,3906000
ALXN,2007-10-16,17.1475,17.3675,16.89,17.0075,2177200
ALXN,2007-10-17,17.13,17.2425,16.875,17.1225,2437600
ALXN,2007-10-18,17.0875,17.7625,17.06,17.4475,2902000
ALXN,2007-10-19,17.4525,17.495,17.065,17.1025,2581200
ALXN,2007-10-22,17.09,17.51,16.715,17.3525,2283600
ALXN,2007-10-23,17.56,17.7825,17.155,17.6625,1947199
ALXN,2007-10-24,17.5075,17.82,17.065,17.4875,3798000
ALXN,2007-10-25,18.6975,19.3625,18.3775,19.2825,12400000
ALXN,2007-10-26,19.64,20.03,19.3825,19.95,6266400
ALXN,2007-10-29,19.935,20,19.5125,19.6725,3092800
ALXN,2007-10-30,19.65,19.8675,19.1925,19.22,2839600
ALXN,2007-10-31,19.18,19.31,18.9875,19.125,3444000
ALXN,2007-11-01,19.045,19.3,18.635,18.8,3569600
ALXN,2007-11-02,19,19.1225,18.6925,19.08,2391600
ALXN,2007-11-05,18.755,19.07,18.665,18.975,1703600
ALXN,2007-11-06,18.965,19.2475,18.8775,19.2225,2096800
ALXN,2007-11-07,19.025,19.2425,18.99,19.065,2444400
ALXN,2007-11-08,19.1625,19.305,18.6275,19.075,2054400
ALXN,2007-11-09,19.005,19.09,18.67,18.7875,1705200
ALXN,2007-11-12,18.75,18.99,18.145,18.345,2624000
ALXN,2007-11-13,18.48,18.48,18.035,18.37,2512000
ALXN,2007-11-14,18.525,18.55,18.005,18.0525,3003600
ALXN,2007-11-15,18.0725,18.39,17.93,18.1225,2348400
ALXN,2007-11-16,18.16,18.5,18.0625,18.45,2478800
ALXN,2007-11-19,18.3125,18.435,17.73,17.87,3575600
ALXN,2007-11-20,17.8375,18.225,17.5675,17.825,2209600
ALXN,2007-11-21,17.64,17.75,17.1725,17.1875,1744000
ALXN,2007-11-23,17.32,17.5975,16.9875,17.41,1054000
ALXN,2007-11-26,17.365,17.885,17.3125,17.4025,1952800
ALXN,2007-11-27,17.42,18.1375,17.39,18.115,2664400
ALXN,2007-11-28,18.2175,18.7425,18.15,18.7325,2528400
ALXN,2007-11-29,18.7825,18.97,18.38,18.5,2650000
ALXN,2007-11-30,18.6925,18.75,18.035,18.18,2075199
ALXN,2007-12-03,18.2525,18.42,17.825,18.0325,2322000
ALXN,2007-12-04,17.905,18.0575,17.525,17.53,3200800
ALXN,2007-12-05,17.72,17.91,17.69,17.83,1658400
ALXN,2007-12-06,17.7725,18.4625,17.7725,18.4625,2013999
ALXN,2007-12-07,18.41,18.7325,18.41,18.6975,1964000
ALXN,2007-12-10,18.73,18.99,18.61,18.9725,3270400
ALXN,2007-12-11,19.0875,19.29,18.6625,18.725,1994799
ALXN,2007-12-12,18.9875,19.05,18.84,19.02,1993600
ALXN,2007-12-13,18.895,19.0425,18.515,18.675,1459600
ALXN,2007-12-14,18.535,18.7125,18.465,18.595,1226800
ALXN,2007-12-17,18.5225,18.62,18.3175,18.405,1656800
ALXN,2007-12-18,18.5225,18.705,18.4125,18.67,1483200
ALXN,2007-12-19,18.605,18.665,18.34,18.5,1148400
ALXN,2007-12-20,18.5225,18.89,18.3175,18.8625,1627600
ALXN,2007-12-21,19.085,19.1925,18.7075,18.92,2683200
ALXN,2007-12-24,18.925,19.3525,18.835,19.2775,964400
ALXN,2007-12-26,19.25,19.465,19.1,19.4175,1055600
ALXN,2007-12-27,19.3025,19.3825,18.9875,19.0975,1583600
ALXN,2007-12-28,19.2425,19.2775,18.99,19.13,777600
ALXN,2007-12-31,19.075,19.2775,18.625,18.7575,1359200
ALXN,2008-01-02,18.8075,19.205,18.635,18.8775,2582400
ALXN,2008-01-03,18.8775,19.5,18.8775,19.2775,2545600
ALXN,2008-01-04,19.145,19.465,18.6,18.6525,2841600
ALXN,2008-01-07,18.78,18.8,17.49,17.8725,7292000
ALXN,2008-01-08,17.9,18.5,17.775,17.8125,5932400
ALXN,2008-01-09,17.7675,18.1525,17.425,17.6475,3861200
ALXN,2008-01-10,17.475,17.4825,17.025,17.175,4654800
ALXN,2008-01-11,17.05,17.1075,16.245,16.6875,5358800
ALXN,2008-01-14,16.725,17.0175,16.45,17.0175,3416000
ALXN,2008-01-15,16.8575,17,16.3525,16.5375,2612800
ALXN,2008-01-16,16.46,17,16.46,16.87,4335600
ALXN,2008-01-17,16.875,17.0225,16.6025,16.735,3411200
ALXN,2008-01-18,16.7375,16.7375,16.375,16.545,2610400
ALXN,2008-01-22,16.03,16.545,15.905,16.1975,2563200
ALXN,2008-01-23,15.805,16.595,15.4475,16.58,5065600
ALXN,2008-01-24,16.5675,16.875,16.14,16.3075,1677600
ALXN,2008-01-25,16.54,16.615,15.9275,16.0525,1470000
ALXN,2008-01-28,16.05,16.47,15.6775,15.865,5758400
ALXN,2008-01-29,15.995,16.3775,15.8775,16.34,2620800
ALXN,2008-01-30,16.21,16.525,16.13,16.21,3522399
ALXN,2008-01-31,16.13,16.525,15.9375,16.33,3664800
ALXN,2008-02-01,16.39,17.3025,16.39,17.21,3479200
ALXN,2008-02-04,17.14,17.3075,17.015,17.08,2556000
ALXN,2008-02-05,16.9375,17.23,16.7525,16.9175,2139600
ALXN,2008-02-06,16.935,17.275,16.6225,16.9,3410800
ALXN,2008-02-07,16.8375,17.2925,16.47,17.1525,2442400
ALXN,2008-02-08,17.1175,17.325,16.495,16.6375,3492400
ALXN,2008-02-11,16.655,17.205,16.6275,17.0475,3017600
ALXN,2008-02-12,17.08,17.6175,17.08,17.52,3339200
ALXN,2008-02-13,17.7075,17.8275,17.075,17.4075,3473200
ALXN,2008-02-14,18.5625,18.6125,17.345,17.92,12632800
ALXN,2008-02-15,17.41,17.6,16.225,16.495,11986400
ALXN,2008-02-19,16.755,16.9175,15.4775,15.6375,6370000
ALXN,2008-02-20,15.4275,15.625,14.44,14.7375,10211200
ALXN,2008-02-21,14.75,15.3875,14.5,15.19,11664400
ALXN,2008-02-22,15.1825,15.465,15,15.1875,5160000
ALXN,2008-02-25,15.1625,15.4125,15.0025,15.2375,3382000
ALXN,2008-02-26,15.2025,15.875,15.2,15.7125,3550000
ALXN,2008-02-27,15.555,15.9975,15.555,15.825,2664000
ALXN,2008-02-28,15.84,15.9225,15.5725,15.855,2496400
ALXN,2008-02-29,15.6575,15.7525,14.9025,15.1525,3958399
ALXN,2008-03-03,14.9925,15.2425,14.675,14.99,4286800
ALXN,2008-03-04,14.845,15.1525,14.605,15.05,4091200
ALXN,2008-03-05,15.0275,15.2175,14.5,14.8,2836400
ALXN,2008-03-06,14.7775,14.9525,14.3875,14.41,1688000
ALXN,2008-03-07,14.25,14.325,13.79,14.015,3428000
ALXN,2008-03-10,14.0125,14.0375,13.0425,13.1,5774400
ALXN,2008-03-11,13.4675,13.475,12.805,13,6647200
ALXN,2008-03-12,13.0075,13.2975,12.815,13.0325,4561200
ALXN,2008-03-13,12.8875,13.93,12.815,13.8175,5442800
ALXN,2008-03-14,13.8125,14.1075,13.225,13.5525,4453600
ALXN,2008-03-17,13.1425,13.4075,12.315,12.7425,5404000
ALXN,2008-03-18,13.11,14.015,13.0325,13.8825,5724400
ALXN,2008-03-19,13.9325,14.5575,13.5175,13.8075,4913600
ALXN,2008-03-20,14.33,14.445,13.5625,14.35,5888800
ALXN,2008-03-24,14.3775,15.105,14.335,14.9775,3305200
ALXN,2008-03-25,15.0875,15.1475,14.7575,14.965,4160000
ALXN,2008-03-26,14.8625,14.965,14.4925,14.6875,2219600
ALXN,2008-03-27,14.63,14.83,14.375,14.575,1886800
ALXN,2008-03-28,14.7025,14.93,14.4975,14.58,1228800
ALXN,2008-03-31,14.9175,14.945,14.4725,14.825,1815599
ALXN,2008-04-01,14.8,15.2775,14.795,15.255,2486800
ALXN,2008-04-02,15.205,15.9125,15.1575,15.725,3867600
ALXN,2008-04-03,15.705,15.765,15.42,15.6425,2274000
ALXN,2008-04-04,15.6875,16.3125,15.5,16.12,2852000
ALXN,2008-04-07,16.1675,16.3925,16.0175,16.2275,1886800
ALXN,2008-04-08,16.3,16.5575,16.0875,16.3425,1620400
ALXN,2008-04-09,16.375,16.4225,15.58,15.795,1929200
ALXN,2008-04-10,15.8875,16.975,15.835,16.7125,6538800
ALXN,2008-04-11,16.5475,16.75,16.26,16.3175,2030800
ALXN,2008-04-14,16.2175,16.5075,16.1275,16.2775,1672400
ALXN,2008-04-15,16.3875,16.5125,16.1075,16.4275,1302000
ALXN,2008-04-16,16.5475,17.0925,16.365,17.0675,4535600
ALXN,2008-04-17,17,17,16.62,16.7775,2664800
ALXN,2008-04-18,16.95,17.3225,16.8875,17.04,3413200
ALXN,2008-04-21,17.0325,17.3825,16.94,17.235,1464400
ALXN,2008-04-22,17.1225,17.3475,17.0925,17.1675,2248000
ALXN,2008-04-23,17.2375,17.7175,17.1575,17.5875,1860399
ALXN,2008-04-24,17.6525,17.7325,17.2575,17.34,2486800
ALXN,2008-04-25,17.445,17.75,17.0575,17.2775,1973600
ALXN,2008-04-28,17.3925,17.54,17.225,17.4325,2046400
ALXN,2008-04-29,17.515,17.5325,17.125,17.1625,2612000
ALXN,2008-04-30,17.59,17.875,17.4425,17.595,8394000
ALXN,2008-05-01,17.7475,18.0475,17.31,18.0125,4825600
ALXN,2008-05-02,18.0625,18.555,18,18.23,4092400
ALXN,2008-05-05,18.17,18.3,17.715,17.7325,1876799
ALXN,2008-05-06,17.6925,17.8475,17.5225,17.63,2026400
ALXN,2008-05-07,17.72,18.05,17.545,17.6325,2677200
ALXN,2008-05-08,17.725,18.1575,17.5525,18.1125,6004800
ALXN,2008-05-09,17.935,18.1,17.72,18.0075,1924399
ALXN,2008-05-12,18.0825,18.18,17.945,18.0625,1797600
ALXN,2008-05-13,18.0625,18.2025,17.86,18.025,1194000
ALXN,2008-05-14,18.0225,18.1875,17.6775,17.74,1520800
ALXN,2008-05-15,17.6375,17.8,17.5425,17.6725,1377600
ALXN,2008-05-16,17.75,17.915,17.6275,17.7475,2564400
ALXN,2008-05-19,17.7075,17.845,17.25,17.2575,1796000
ALXN,2008-05-20,17.2525,17.3775,16.88,17.02,2179200
ALXN,2008-05-21,17.0675,17.2975,16.66,16.75,1913200
ALXN,2008-05-22,16.8375,17.22,16.7575,16.9025,3365200
ALXN,2008-05-23,16.8425,17.0775,16.675,16.695,1729599
ALXN,2008-05-27,16.6775,17.215,16.65,17.0375,1534000
ALXN,2008-05-28,17.055,17.3875,16.9375,17.33,1798800
ALXN,2008-05-29,17.445,17.9975,17.365,17.8125,3358000
ALXN,2008-05-30,17.765,17.92,17.695,17.8375,2514400
ALXN,2008-06-02,17.75,17.75,17.29,17.525,1667200
ALXN,2008-06-03,17.56,17.6,17.025,17.37,3024400
ALXN,2008-06-04,17.335,17.6875,17.1475,17.495,1335200
ALXN,2008-06-05,17.5675,18.08,17.5,17.83,2017199
ALXN,2008-06-06,17.705,18,17.5575,17.5575,1506400
ALXN,2008-06-09,17.6725,17.675,17.31,17.5325,1368800
ALXN,2008-06-10,17.42,17.585,17.1675,17.54,1547200
ALXN,2008-06-11,17.46,17.5875,17.1575,17.2575,1943200
ALXN,2008-06-12,17.2725,17.4525,16.815,16.9125,2032800
ALXN,2008-06-13,17.0725,17.645,16.915,17.4625,2241200
ALXN,2008-06-16,17.56,17.745,17.2075,17.62,1302000
ALXN,2008-06-17,17.625,17.64,17.22,17.2575,1271600
ALXN,2008-06-18,17.1125,17.31,17.0025,17.1875,1372800
ALXN,2008-06-19,17.1875,17.3475,16.7125,17.345,2890400
ALXN,2008-06-20,17.205,17.34,16.85,17.1975,2458400
ALXN,2008-06-23,17.375,17.7275,17.2525,17.2725,2068000
ALXN,2008-06-24,17.1775,17.435,17.1225,17.3175,1557600
ALXN,2008-06-25,17.2975,18.025,17.2975,17.87,4668800
ALXN,2008-06-26,17.7225,17.9975,17.6225,17.865,1567200
ALXN,2008-06-27,17.86,18.3475,17.795,18.1975,4009599
ALXN,2008-06-30,18.2425,18.4725,18.0225,18.125,1804400
ALXN,2008-07-01,18.0625,18.64,17.8625,18.64,4915200
ALXN,2008-07-02,18.6575,19,18.455,18.5125,5040800
ALXN,2008-07-03,18.4175,18.5925,18.0875,18.34,1697600
ALXN,2008-07-07,18.4875,18.7475,18.085,18.33,1704000
ALXN,2008-07-08,18.3975,19.0775,18.33,19.055,2387200
ALXN,2008-07-09,19.095,19.365,18.8525,18.925,2476000
ALXN,2008-07-10,18.9375,19.245,18.6775,18.895,1715600
ALXN,2008-07-11,18.6775,19.1475,18.67,18.975,1869200
ALXN,2008-07-14,19.12,19.25,18.615,18.7025,2014400
ALXN,2008-07-15,18.555,19.3175,18.5375,19.29,2380000
ALXN,2008-07-16,19.29,19.885,19.28,19.7625,2965600
ALXN,2008-07-17,19.875,19.9175,18.7775,19.18,5025600
ALXN,2008-07-18,19.1675,19.2625,18.3775,18.7125,2073600
ALXN,2008-07-21,18.7475,19.5725,18.72,19.4525,2315200
ALXN,2008-07-22,19.4325,20.0375,19.4325,19.9025,3576800
ALXN,2008-07-23,19.9125,20,19.2425,19.32,2750400
ALXN,2008-07-24,19.36,19.36,18.98,19.085,2017599
ALXN,2008-07-25,19.36,20.5,19.215,20.2475,3946400
ALXN,2008-07-28,20.3125,20.49,19.725,19.9875,3182000
ALXN,2008-07-29,21.3425,22.4175,21.1875,21.6925,12698400
ALXN,2008-07-30,21.905,23.25,21.905,22.4875,9042400
ALXN,2008-07-31,22.185,23.7275,21.595,23.4375,11416400
ALXN,2008-08-01,23.5,23.5,22.625,23.055,4614000
ALXN,2008-08-04,22.9625,23.0575,22.64,22.9675,4382800
ALXN,2008-08-05,23.0675,23.245,22.75,23.125,3844400
ALXN,2008-08-06,23.11,23.3475,22.9325,23.2525,3085600
ALXN,2008-08-07,23.495,23.8175,22.4275,22.58,3999200
ALXN,2008-08-08,22.5,23.14,22.455,23.1075,3096800
ALXN,2008-08-11,23.1375,23.7975,22.945,23.7525,3138800
ALXN,2008-08-12,23.715,23.8125,23.1025,23.25,2735200
ALXN,2008-08-13,23.255,23.9575,23.075,23.6775,3955200
ALXN,2008-08-14,23.9075,23.9775,23.075,23.6,4302800
ALXN,2008-08-15,23.8375,23.9475,23.12,23.1925,4000400
ALXN,2008-08-18,23.125,23.3675,22.625,22.79,2794000
ALXN,2008-08-19,22.59,22.9225,22.26,22.625,5090800
ALXN,2008-08-20,22.75,22.82,22.145,22.435,4461600
ALXN,2008-08-21,22.315,22.575,21.5425,22,4869600
ALXN,2008-08-22,21.9125,22.27,21.8925,21.9475,2318400
ALXN,2008-08-25,21.96,22.44,21.085,21.82,1985400
ALXN,2008-08-26,21.97,22.085,21.355,21.605,1878600
ALXN,2008-08-27,21.73,22.035,21.63,22.005,1774600
ALXN,2008-08-28,21.955,22.665,21.83,22.495,2000600
ALXN,2008-08-29,22.405,22.605,22.29,22.54,1094800
ALXN,2008-09-02,22.82,23,22.44,22.59,2222400
ALXN,2008-09-03,22.535,23.385,22.515,23,1793800
ALXN,2008-09-04,22.91,23.15,21.84,21.88,1972000
ALXN,2008-09-05,21.59,21.62,20.73,20.9,4190000
ALXN,2008-09-08,21.405,21.765,20.885,21.38,2265800
ALXN,2008-09-09,21.38,21.5,20.32,20.345,2596600
ALXN,2008-09-10,20.325,20.66,20.27,20.39,1797400
ALXN,2008-09-11,20.2,21.065,20,21.005,1950400
ALXN,2008-09-12,20.775,21.07,20.555,20.765,1560200
ALXN,2008-09-15,20.74,20.74,19.75,19.87,2037200
ALXN,2008-09-16,19.675,20.95,19.22,20.75,3274200
ALXN,2008-09-17,20.285,20.96,18.595,18.625,5084200
ALXN,2008-09-18,19,20.48,17.96,20.15,6434800
ALXN,2008-09-19,21.795,22.605,20.56,20.56,6309600
ALXN,2008-09-22,20.5,21.655,20.055,20.21,3296200
ALXN,2008-09-23,20.415,20.655,19.755,20.355,1780799
ALXN,2008-09-24,21.1,21.47,20.495,20.925,2234000
ALXN,2008-09-25,21.425,21.735,21.025,21.46,1656400
ALXN,2008-09-26,21.22,22.085,20.625,21.16,3016200
ALXN,2008-09-29,20.69,21.09,19,19.66,2645400
ALXN,2008-09-30,19.645,19.79,19.125,19.65,2191400
ALXN,2008-10-01,19.54,19.73,19.17,19.58,2222200
ALXN,2008-10-02,19.5,19.895,19.285,19.38,2904000
ALXN,2008-10-03,19.575,20.345,19.155,19.51,1675600
ALXN,2008-10-06,19.165,19.875,17.71,19.345,3570799
ALXN,2008-10-07,19.575,19.925,19.035,19.495,2430600
ALXN,2008-10-08,19.265,20.5,18.545,19.655,2721400
ALXN,2008-10-09,20.47,20.48,18.075,18.235,2555800
ALXN,2008-10-10,17.63,18.235,16.5,17.105,4554600
ALXN,2008-10-13,17.375,19.475,17.375,19.445,3276000
ALXN,2008-10-14,19.75,20,18.515,18.765,2310600
ALXN,2008-10-15,18.6,19,17.725,18.03,1911400
ALXN,2008-10-16,17.72,19.435,17.325,19.39,2724000
ALXN,2008-10-17,18.615,20.695,18.43,20.515,4121400
ALXN,2008-10-20,20.825,21.645,20.42,20.95,2145400
ALXN,2008-10-21,20.705,21.415,20.255,20.5,1604600
ALXN,2008-10-22,20.085,20.18,18.89,19.83,3799200
ALXN,2008-10-23,20.495,21,18.545,19.8,5727200
ALXN,2008-10-24,18.6,19.105,18.1,18.665,2552400
ALXN,2008-10-27,18.675,18.81,17.915,18.06,1560800
ALXN,2008-10-28,18.68,18.835,16.75,18.435,3132400
ALXN,2008-10-29,18.515,19.96,17.935,19.255,3001400
ALXN,2008-10-30,19.5,20.29,19.49,20.245,1504200
ALXN,2008-10-31,20.285,20.885,19.89,20.375,1855000
ALXN,2008-11-03,20.365,20.92,19.96,20.34,1391600
ALXN,2008-11-04,20.82,21.5,20.63,21.02,2272400
ALXN,2008-11-05,20.875,20.915,19.635,19.74,1846199
ALXN,2008-11-06,19.51,20.125,19.475,19.585,1326800
ALXN,2008-11-07,19.775,20.645,19.27,20.5,1274600
ALXN,2008-11-10,20.55,21.115,20.5,20.875,1167600
ALXN,2008-11-11,20.735,21.25,19.975,20.35,1281000
ALXN,2008-11-12,20.04,20.675,18.9,18.985,1891400
ALXN,2008-11-13,19.625,19.705,17.75,19.675,4173600
ALXN,2008-11-14,19.72,19.895,19.08,19.12,1858400
ALXN,2008-11-17,18.94,20.115,18.84,19.845,2124000
ALXN,2008-11-18,19.86,20.685,19.04,19.755,2154200
ALXN,2008-11-19,20.1,20.13,18.77,18.795,1609000
ALXN,2008-11-20,18.67,19.285,16.595,17.215,4602000
ALXN,2008-11-21,17.04,17.585,14.08,15.5,7835200
ALXN,2008-11-24,15.06,16.68,15.06,16.64,4047999
ALXN,2008-11-25,16.56,17.13,16.37,16.47,8102200
ALXN,2008-11-26,16.59,17.005,16.05,16.98,1784200
ALXN,2008-11-28,16.595,16.975,15.875,16.83,863800
ALXN,2008-12-01,17.025,17.495,15.505,15.575,1847000
ALXN,2008-12-02,15.2,15.99,15,15.72,2435400
ALXN,2008-12-03,15.26,16.145,15.03,15.51,2267000
ALXN,2008-12-04,15.395,16.115,15.105,15.95,2268200
ALXN,2008-12-05,15.69,16.64,15.075,16.64,2188400
ALXN,2008-12-08,16.925,17.71,16.21,17.185,3648400
ALXN,2008-12-09,17.025,17.39,16.405,16.65,1813799
ALXN,2008-12-10,16.815,17.135,16.44,16.725,1009400
ALXN,2008-12-11,16.575,17.21,16.27,16.455,1001400
ALXN,2008-12-12,16.17,16.685,15.885,16.455,1785600
ALXN,2008-12-15,16.5,16.57,15.7,15.915,1502800
ALXN,2008-12-16,16.25,17.195,15.735,17.155,1768800
ALXN,2008-12-17,16.99,18.05,16.875,17.575,1663600
ALXN,2008-12-18,17.635,18,17.23,17.43,1081200
ALXN,2008-12-19,17.625,17.925,17.245,17.74,1978000
ALXN,2008-12-22,18.215,18.215,16.785,17.31,1203800
ALXN,2008-12-23,17.395,17.525,16.9,17.085,1521200
ALXN,2008-12-24,17.06,17.215,16.875,17.055,232199
ALXN,2008-12-26,17.135,17.39,17.06,17.3,339000
ALXN,2008-12-29,17.305,17.33,16.855,16.965,1057400
ALXN,2008-12-30,17.13,17.34,16.775,17.225,693800
ALXN,2008-12-31,17.29,18.165,17.29,18.095,1505600
ALXN,2009-01-02,17.705,18.215,17.705,18.065,933399
ALXN,2009-01-05,18.145,18.635,17.945,18.5,1157200
ALXN,2009-01-06,18.665,18.995,18.325,18.41,1281200
ALXN,2009-01-07,18.105,18.565,17.57,17.9,1958199
ALXN,2009-01-08,17.81,18.23,17.805,18.11,1074000
ALXN,2009-01-09,18.055,18.055,17.045,17.075,1890800
ALXN,2009-01-12,17.105,17.51,17.02,17.155,1617000
ALXN,2009-01-13,17.2,18.685,17.155,18.505,2542600
ALXN,2009-01-14,18.495,18.785,18.05,18.195,2182200
ALXN,2009-01-15,18.055,18.55,17.72,18.52,1420000
ALXN,2009-01-16,18.635,18.775,18.36,18.75,1404600
ALXN,2009-01-20,18.525,18.745,17.87,17.895,1927400
ALXN,2009-01-21,18.05,18.75,17.875,18.675,7523800
ALXN,2009-01-22,18.29,18.895,18.185,18.635,1999399
ALXN,2009-01-23,18.43,18.5,17.935,18.185,1585400
ALXN,2009-01-26,18.265,18.35,17.76,17.975,1500800
ALXN,2009-01-27,17.965,18.095,17.5,17.57,1584400
ALXN,2009-01-28,17.87,18.285,17.79,17.915,2074200
ALXN,2009-01-29,17.825,18.69,17.76,18.185,1181400
ALXN,2009-01-30,18.39,18.825,18.19,18.435,1514800
ALXN,2009-02-02,18.24,18.635,18.145,18.43,1246600
ALXN,2009-02-03,18.475,18.76,18.22,18.65,1485200
ALXN,2009-02-04,18.595,19.39,18.525,18.91,1716800
ALXN,2009-02-05,18.74,19.775,18.625,19.59,2093200
ALXN,2009-02-06,19.555,19.895,18.99,19.215,1814600
ALXN,2009-02-09,19.39,19.445,18.845,19.09,1668600
ALXN,2009-02-10,19.215,19.24,18.37,18.47,2023400
ALXN,2009-02-11,18.6,18.75,17.98,18.44,2567200
ALXN,2009-02-12,18.43,20.19,17.955,20.085,6224800
ALXN,2009-02-13,20.055,20.295,19.805,19.955,1959800
ALXN,2009-02-17,19.805,19.945,19.325,19.71,2509200
ALXN,2009-02-18,20,20.005,19.475,19.785,1980599
ALXN,2009-02-19,19.785,19.99,19.125,19.21,1686600
ALXN,2009-02-20,18.885,19.18,18.49,18.99,1873800
ALXN,2009-02-23,19.09,19.305,18.06,18.075,1843200
ALXN,2009-02-24,18.29,19.05,18.035,18.94,1870200
ALXN,2009-02-25,18.855,19.425,18.645,18.84,1548600
ALXN,2009-02-26,19.05,19.815,18.35,18.49,3190400
ALXN,2009-02-27,18,18.145,16.96,17.1,4070200
ALXN,2009-03-02,17,17.155,15.975,16.03,2674800
ALXN,2009-03-03,16.265,16.72,15.875,16.23,1741200
ALXN,2009-03-04,16.53,17.365,16.3,16.97,2378800
ALXN,2009-03-05,16.785,16.84,15.97,16.02,1557000
ALXN,2009-03-06,16.185,16.395,15.78,16.14,1508800
ALXN,2009-03-09,16.01,16.605,15.69,15.825,2770600
ALXN,2009-03-10,16.035,16.81,15.99,16.615,2285800
ALXN,2009-03-11,16.655,17.27,15.39,15.835,3741399
ALXN,2009-03-12,16.22,17.4,15.755,17.355,2821000
ALXN,2009-03-13,17.38,17.88,17.165,17.685,1615400
ALXN,2009-03-16,17.775,17.775,17.17,17.275,1137000
ALXN,2009-03-17,17.25,18,17.12,18,1425400
ALXN,2009-03-18,17.985,18.96,17.88,18.25,2653800
ALXN,2009-03-19,18.55,19.15,18.25,19.01,2653600
ALXN,2009-03-20,19.185,19.25,18.55,18.55,2589600
ALXN,2009-03-23,18.825,19.645,18.705,19.395,2564600
ALXN,2009-03-24,19.21,19.445,18.79,18.895,928599
ALXN,2009-03-25,18.975,19.42,18.3,18.975,1385800
ALXN,2009-03-26,19.15,19.755,18.715,19.7,1894199
ALXN,2009-03-27,19.36,19.61,19.02,19.2,1334400
ALXN,2009-03-30,18.95,19.185,18.435,19.125,1181000
ALXN,2009-03-31,19.385,19.595,18.72,18.83,2332200
ALXN,2009-04-01,18.455,18.51,17.695,18.47,3590800
ALXN,2009-04-02,18.825,19.16,18.615,18.755,2386400
ALXN,2009-04-03,18.775,18.95,18.585,18.88,1005200
ALXN,2009-04-06,18.615,18.615,18.095,18.35,1845000
ALXN,2009-04-07,18.155,18.315,17.645,17.645,1463600
ALXN,2009-04-08,17.69,18.11,17.47,18.09,1194400
ALXN,2009-04-09,18.255,18.745,18.095,18.575,2563000
ALXN,2009-04-13,18.435,18.825,18.425,18.595,928799
ALXN,2009-04-14,18.6,18.6,17.65,17.795,1386200
ALXN,2009-04-15,17.635,17.7,17.075,17.355,2276200
ALXN,2009-04-16,17.38,17.58,17.155,17.41,1602000
ALXN,2009-04-17,17.17,17.695,17.17,17.47,2368400
ALXN,2009-04-20,17.2,17.635,17.115,17.15,1868800
ALXN,2009-04-21,17.125,17.21,16.695,16.99,2762000
ALXN,2009-04-22,17.515,18.08,17.43,17.655,2995800
ALXN,2009-04-23,16.875,17.575,16.44,17.495,7559400
ALXN,2009-04-24,17.275,17.725,17.01,17.095,3657200
ALXN,2009-04-27,16.84,17.33,16.71,16.88,2720800
ALXN,2009-04-28,16.745,17.635,16.745,17.445,1910000
ALXN,2009-04-29,17.485,17.73,17.32,17.525,2360000
ALXN,2009-04-30,17.6,17.665,16.695,16.71,2246000
ALXN,2009-05-01,16.725,16.75,16.18,16.295,2738800
ALXN,2009-05-04,16.195,16.66,16.13,16.61,2505800
ALXN,2009-05-05,16.795,17.19,16.63,16.885,1891400
ALXN,2009-05-06,16.64,16.87,16.5,16.87,2310200
ALXN,2009-05-07,16.97,17.5,16.765,17.2,3072600
ALXN,2009-05-08,17.48,17.485,16.895,17.13,2836200
ALXN,2009-05-11,17.1,17.715,16.965,17.51,1932000
ALXN,2009-05-12,17.56,17.62,17.095,17.36,1518200
ALXN,2009-05-13,17.075,17.24,16.72,16.83,1578000
ALXN,2009-05-14,16.945,17.115,16.34,16.36,2567400
ALXN,2009-05-15,16.535,17.23,16.5,16.85,2400000
ALXN,2009-05-18,16.85,17.005,16.505,16.66,2202000
ALXN,2009-05-19,16.55,16.635,16.32,16.45,3138400
ALXN,2009-05-20,16.61,16.785,16.335,16.46,3117800
ALXN,2009-05-21,16.835,16.84,16.335,16.53,2330000
ALXN,2009-05-22,16.58,17.645,16.5,17.33,3208000
ALXN,2009-05-26,17.08,18.03,17.08,17.86,2324000
ALXN,2009-05-27,17.875,18.225,17.76,17.83,2195200
ALXN,2009-05-28,17.92,18.155,17.575,17.89,1335400
ALXN,2009-05-29,17.885,18.25,17.525,18.25,2205600
ALXN,2009-06-01,18.43,18.72,18.08,18.19,2269600
ALXN,2009-06-02,18.17,19.115,18.055,18.955,3242000
ALXN,2009-06-03,18.67,19.48,18.63,19.455,2749000
ALXN,2009-06-04,19.38,19.72,18.59,18.745,2726000
ALXN,2009-06-05,18.95,18.95,18.41,18.61,1995400
ALXN,2009-06-08,18.38,18.62,18.18,18.27,1243000
ALXN,2009-06-09,18.405,19.08,18.335,18.945,2354000
ALXN,2009-06-10,19.135,19.23,18.28,18.66,1555200
ALXN,2009-06-11,18.625,19.22,18.46,18.955,1869000
ALXN,2009-06-12,18.885,19.66,18.77,19.645,3403800
ALXN,2009-06-15,19.215,19.5,18.775,18.92,2220800
ALXN,2009-06-16,19.05,19.27,18.565,18.66,1460000
ALXN,2009-06-17,18.61,19.52,18.595,19.355,1560200
ALXN,2009-06-18,19.475,19.96,19.25,19.96,1927599
ALXN,2009-06-19,20.14,20.185,19.2,19.255,3123000
ALXN,2009-06-22,19.235,19.395,18.9,18.905,1964800
ALXN,2009-06-23,18.965,19.03,18.51,18.77,2175600
ALXN,2009-06-24,18.795,19.54,18.775,19.465,2140400
ALXN,2009-06-25,19.32,20.545,19.07,20.515,3177800
ALXN,2009-06-26,20.5,20.685,19.475,19.485,26624600
ALXN,2009-06-29,19.78,20.07,19.275,20.01,3757400
ALXN,2009-06-30,20.125,20.575,19.705,20.555,3183200
ALXN,2009-07-01,20.395,20.51,19.765,19.785,3171200
ALXN,2009-07-02,20.36,20.36,19.28,19.54,1459200
ALXN,2009-07-06,19.47,19.54,19.04,19.445,1390400
ALXN,2009-07-07,19.5,19.5,18.72,18.735,2447000
ALXN,2009-07-08,19.04,19.18,18.38,18.5,2142600
ALXN,2009-07-09,18.64,18.755,18.395,18.435,2042200
ALXN,2009-07-10,18.465,18.785,18.355,18.75,1535400
ALXN,2009-07-13,18.845,19.45,18.73,19.13,1983799
ALXN,2009-07-14,19.115,19.685,19.005,19.475,2117600
ALXN,2009-07-15,19.57,19.685,19.2,19.365,2372800
ALXN,2009-07-16,19.235,19.63,19.045,19.575,1177400
ALXN,2009-07-17,19.27,19.405,19.035,19.245,1627000
ALXN,2009-07-20,19.39,19.545,19.045,19.295,1157000
ALXN,2009-07-21,19.45,19.55,19.23,19.41,1349200
ALXN,2009-07-22,19.46,19.465,18.97,19.095,2636800
ALXN,2009-07-23,20.205,20.685,19.625,20.49,5307800
ALXN,2009-07-24,20.565,21.79,20.465,21.6,4448400
ALXN,2009-07-27,20.03,21.545,20.015,21.475,3786600
ALXN,2009-07-28,21.275,21.745,21.275,21.735,2414200
ALXN,2009-07-29,21.235,22.12,21.15,21.98,2903200
ALXN,2009-07-30,22.25,22.345,21.715,22.095,2234400
ALXN,2009-07-31,22.02,22.245,21.95,22.025,2428200
ALXN,2009-08-03,22.18,22.365,21.72,22.365,1478800
ALXN,2009-08-04,22.375,22.53,22.215,22.5,1862000
ALXN,2009-08-05,22.465,22.465,21.89,22.17,1445600
ALXN,2009-08-06,22.31,22.395,21.785,22.07,1697000
ALXN,2009-08-07,22.38,22.465,22.045,22.24,1478400
ALXN,2009-08-10,22.1,23.115,21.715,22.235,958000
ALXN,2009-08-11,22.26,22.26,21.64,21.655,1767000
ALXN,2009-08-12,21.815,21.925,21.425,21.635,1744200
ALXN,2009-08-13,21.8,21.8,21.18,21.29,1455800
ALXN,2009-08-14,21.38,21.53,20.97,21.485,808600
ALXN,2009-08-17,21.265,21.425,20.895,21.075,797400
ALXN,2009-08-18,21.035,21.445,20.835,21.225,1147600
ALXN,2009-08-19,21.17,21.9,21.11,21.81,1067000
ALXN,2009-08-20,21.775,22.07,21.595,22.02,616400
ALXN,2009-08-21,22.175,22.475,22.12,22.45,1070600
ALXN,2009-08-24,22.46,22.565,22.21,22.555,1276400
ALXN,2009-08-25,22.47,22.665,22.245,22.35,886600
ALXN,2009-08-26,22.47,22.6,22.305,22.49,819400
ALXN,2009-08-27,22.595,22.595,21.96,22.33,562400
ALXN,2009-08-28,22.7,22.7,21.995,22.325,527200
ALXN,2009-08-31,22.215,22.575,21.96,22.565,2058600
ALXN,2009-09-01,22.955,23.045,22.265,22.325,2715200
ALXN,2009-09-02,22.2,22.33,21.975,22.075,1128000
ALXN,2009-09-03,22.19,22.31,21.94,22.265,1101000
ALXN,2009-09-04,22.37,23.04,22.33,22.975,1233800
ALXN,2009-09-08,22.95,23.05,22.73,23.025,722200
ALXN,2009-09-09,23.045,23.25,22.615,22.7,1404000
ALXN,2009-09-10,22.69,22.74,22.43,22.43,1582200
ALXN,2009-09-11,22.41,22.885,22.41,22.795,1617000
ALXN,2009-09-14,22.625,22.965,22.555,22.905,572000
ALXN,2009-09-15,22.85,22.995,22.615,22.72,679600
ALXN,2009-09-16,22.72,23.05,22.57,23.05,721400
ALXN,2009-09-17,23.03,23.32,22.995,23.225,1431600
ALXN,2009-09-18,23.28,23.395,22.86,22.945,1644800
ALXN,2009-09-21,22.895,23.4,22.855,23.335,734800
ALXN,2009-09-22,23.31,23.5,22.81,22.9,1377800
ALXN,2009-09-23,22.935,23.095,22.55,22.695,1066600
ALXN,2009-09-24,22.82,22.82,22.03,22.275,1124800
ALXN,2009-09-25,22.115,22.535,22.005,22.455,625800
ALXN,2009-09-28,22.685,22.885,22.155,22.58,822200
ALXN,2009-09-29,22.74,22.74,21.96,21.99,1681600
ALXN,2009-09-30,22.11,22.305,21.755,22.27,1235600
ALXN,2009-10-01,22.145,22.29,21.535,21.555,1134600
ALXN,2009-10-02,21.58,22.315,21.575,22.03,1538400
ALXN,2009-10-05,22.215,22.215,21.54,21.645,938399
ALXN,2009-10-06,21.85,22.435,21.61,22.15,1172800
ALXN,2009-10-07,22.295,22.355,21.81,21.88,833400
ALXN,2009-10-08,22.06,22.305,21.83,22.24,1253400
ALXN,2009-10-09,22.145,22.44,22.145,22.33,350600
ALXN,2009-10-12,22.265,22.475,22.195,22.255,441000
ALXN,2009-10-13,22.21,22.6,21.93,21.99,651000
ALXN,2009-10-14,22.305,22.465,21.91,22.455,1264400
ALXN,2009-10-15,22.265,23.08,22.22,22.935,1069400
ALXN,2009-10-16,22.78,23.08,22.72,23.01,799400
ALXN,2009-10-19,22.96,23.39,22.835,22.995,1156200
ALXN,2009-10-20,22.94,23.09,22.255,22.4,1024200
ALXN,2009-10-21,22.45,22.585,21.905,22.065,1682600
ALXN,2009-10-22,23.55,24.015,23.005,23.905,5870600
ALXN,2009-10-23,23.995,24.465,23.935,23.985,2595800
ALXN,2009-10-26,24.13,24.4,23.875,23.995,2028599
ALXN,2009-10-27,24.105,24.45,24.025,24.03,2305200
ALXN,2009-10-28,24.105,24.185,22.5,22.57,2912200
ALXN,2009-10-29,23.02,23.02,22.41,22.45,1851800
ALXN,2009-10-30,22.475,22.875,22.195,22.205,1325800
ALXN,2009-11-02,22.39,22.45,21.52,21.77,2647600
ALXN,2009-11-03,21.55,22.245,21.5,22.245,1679600
ALXN,2009-11-04,22.255,22.345,21.755,21.825,1350400
ALXN,2009-11-05,21.88,22.595,21.88,22.595,1639200
ALXN,2009-11-06,22.275,22.72,22.275,22.515,1051000
ALXN,2009-11-09,22.505,22.73,22.13,22.23,1501000
ALXN,2009-11-10,22.105,22.555,21.885,22.275,1719200
ALXN,2009-11-11,22.2,22.52,21.97,22.1,1116000
ALXN,2009-11-12,21.97,22.08,21.63,21.77,1559600
ALXN,2009-11-13,21.695,22.045,21.65,21.95,1066800
ALXN,2009-11-16,21.955,22.745,21.92,22.68,1424800
ALXN,2009-11-17,22.53,22.685,22.51,22.685,931400
ALXN,2009-11-18,22.565,22.655,22.45,22.605,662400
ALXN,2009-11-19,22.535,22.58,21.98,22.08,976599
ALXN,2009-11-20,22.08,22.135,21.815,21.85,858600
ALXN,2009-11-23,21.985,22.2,21.72,21.855,1185200
ALXN,2009-11-24,21.98,22.36,21.78,22.355,698200
ALXN,2009-11-25,22.445,22.6,22.33,22.57,478200
ALXN,2009-11-27,21.845,22.5,21.845,22.31,402400
ALXN,2009-11-30,22.445,22.855,22.395,22.69,1498600
ALXN,2009-12-01,22.73,23.33,22.73,23.05,1693800
ALXN,2009-12-02,23.17,23.305,23.02,23.155,833200
ALXN,2009-12-03,23.09,23.24,22.82,22.825,1085800
ALXN,2009-12-04,22.785,22.925,22.275,22.475,1240800
ALXN,2009-12-07,22.555,22.785,22.475,22.65,1369400
ALXN,2009-12-08,22.615,22.885,22.24,22.735,667200
ALXN,2009-12-09,22.825,22.855,22.3,22.8,564400
ALXN,2009-12-10,22.89,23.135,22.695,22.99,731800
ALXN,2009-12-11,22.98,23.435,22.875,23.385,1056800
ALXN,2009-12-14,23.415,23.615,23.31,23.33,1253800
ALXN,2009-12-15,23.31,23.585,23.16,23.585,753200
ALXN,2009-12-16,23.5,23.815,23.395,23.51,706800
ALXN,2009-12-17,23.48,23.76,23.425,23.51,1007400
ALXN,2009-12-18,23.645,23.94,23.57,23.875,1071200
ALXN,2009-12-21,23.895,24.2,23.875,23.905,808800
ALXN,2009-12-22,23.905,24.34,23.86,24.28,719800
ALXN,2009-12-23,24.165,24.43,23.91,24.14,459200
ALXN,2009-12-24,24.155,24.315,24.13,24.235,153800
ALXN,2009-12-28,24.25,24.305,24.11,24.22,213800
ALXN,2009-12-29,24.395,24.395,24.075,24.14,416400
ALXN,2009-12-30,24.16,24.335,24,24.325,367600
ALXN,2009-12-31,24.39,24.76,24.155,24.41,471400
ALXN,2010-01-04,24.55,24.785,23.935,24.125,1128000
ALXN,2010-01-05,24.245,24.25,23.625,23.78,927400
ALXN,2010-01-06,23.865,24.05,23.755,23.84,1173800
ALXN,2010-01-07,23.94,23.95,23.65,23.93,710400
ALXN,2010-01-08,23.83,24.025,23.76,23.975,734600
ALXN,2010-01-11,23.915,24,23.675,23.83,675600
ALXN,2010-01-12,23.705,23.705,23.455,23.5,1194400
ALXN,2010-01-13,23.465,23.635,23.465,23.57,939600
ALXN,2010-01-14,23.635,24.015,23.46,23.835,935400
ALXN,2010-01-15,23.965,24.125,23.51,23.705,1420800
ALXN,2010-01-19,23.82,23.99,23.575,23.815,1174400
ALXN,2010-01-20,23.71,23.975,23.31,23.465,1186600
ALXN,2010-01-21,23.355,23.625,23.25,23.415,1524400
ALXN,2010-01-22,23.635,23.635,23.05,23.1,1183000
ALXN,2010-01-25,23.28,23.355,22.91,23.095,869800
ALXN,2010-01-26,23.13,23.13,22.73,22.75,951800
ALXN,2010-01-27,22.725,22.9,22.43,22.87,2101400
ALXN,2010-01-28,22.9,23.025,22.6,22.9,1563800
ALXN,2010-01-29,23.08,23.415,22.99,23.185,918400
ALXN,2010-02-01,23.15,23.71,23.15,23.675,1055200
ALXN,2010-02-02,23.64,24.385,23.555,24.325,1816800
ALXN,2010-02-03,24.19,24.62,24.19,24.56,1631800
ALXN,2010-02-04,24.535,24.6,23.83,24.01,1346000
ALXN,2010-02-05,23.93,23.93,22.995,23.39,1472000
ALXN,2010-02-08,23.335,23.335,22.91,22.985,815200
ALXN,2010-02-09,23.05,23.51,23.05,23.455,893200
ALXN,2010-02-10,23.55,23.97,23.405,23.74,1081400
ALXN,2010-02-11,23.345,23.55,22.85,23.185,3931400
ALXN,2010-02-12,23.005,23.365,22.865,23.335,1551200
ALXN,2010-02-16,23.43,24.02,23.125,23.96,1161600
ALXN,2010-02-17,23.915,24.47,23.915,24.36,1554200
ALXN,2010-02-18,24.355,24.96,24.3,24.755,1816600
ALXN,2010-02-19,24.725,24.995,24.545,24.875,785200
ALXN,2010-02-22,24.975,25.155,24.83,24.985,1459800
ALXN,2010-02-23,24.875,24.99,24.29,24.36,1160600
ALXN,2010-02-24,24.35,24.7,24.275,24.585,942600
ALXN,2010-02-25,24.445,24.61,24.155,24.47,852800
ALXN,2010-02-26,24.585,24.875,24.21,24.76,936599
ALXN,2010-03-01,24.735,25.61,24.665,25.535,1211200
ALXN,2010-03-02,25.46,26.045,25.455,25.885,1609200
ALXN,2010-03-03,25.965,25.99,25.83,25.965,1065000
ALXN,2010-03-04,26.06,26.475,25.79,26.235,3742000
ALXN,2010-03-05,26.355,26.89,26.27,26.865,1500800
ALXN,2010-03-08,26.865,26.89,26.655,26.84,841400
ALXN,2010-03-09,26.72,26.94,26.68,26.74,737200
ALXN,2010-03-10,26.89,27.04,26.75,26.88,1354600
ALXN,2010-03-11,26.88,26.88,26.535,26.775,560600
ALXN,2010-03-12,26.805,26.855,26.27,26.42,965399
ALXN,2010-03-15,26.405,26.55,26.22,26.425,834600
ALXN,2010-03-16,27.01,27.07,26.63,26.915,2096000
ALXN,2010-03-17,27.06,27.075,26.54,26.73,692400
ALXN,2010-03-18,26.69,26.765,26.44,26.625,621800
ALXN,2010-03-19,26.54,27.225,26.505,27.13,1676400
ALXN,2010-03-22,26.895,27.235,26.79,27.005,1177200
ALXN,2010-03-23,27.105,27.49,26.965,27.3,864799
ALXN,2010-03-24,27.25,27.405,26.535,26.875,1193600
ALXN,2010-03-25,27.39,28.15,26.86,27.695,3112600
ALXN,2010-03-26,27.815,27.995,27.175,27.465,885399
ALXN,2010-03-29,27.555,27.85,27.49,27.6,624600
ALXN,2010-03-30,27.51,27.765,27.375,27.45,766400
ALXN,2010-03-31,27.47,27.57,27.135,27.185,849600
ALXN,2010-04-01,27.265,27.585,27,27.28,457999
ALXN,2010-04-05,27.29,27.45,27.1,27.25,881000
ALXN,2010-04-06,27.33,27.525,27.22,27.26,783200
ALXN,2010-04-07,27.325,27.41,27.11,27.29,694000
ALXN,2010-04-08,27.19,27.245,26.93,27,578600
ALXN,2010-04-09,27.145,27.485,26.89,27.48,952599
ALXN,2010-04-12,27.65,27.72,27.15,27.55,736000
ALXN,2010-04-13,27.48,27.65,27.05,27.145,696800
ALXN,2010-04-14,27.22,27.77,27.05,27.74,900200
ALXN,2010-04-15,27.74,27.975,27.45,27.47,684000
ALXN,2010-04-16,27.55,27.715,27.22,27.435,1131600
ALXN,2010-04-19,27.475,27.69,27.08,27.345,654000
ALXN,2010-04-20,27.58,28.425,27.58,28.34,1364400
ALXN,2010-04-21,28.34,28.6,27.675,27.925,1934399
ALXN,2010-04-22,27.93,28.355,27.1,28.135,2895800
ALXN,2010-04-23,28.09,28.29,27.515,28.135,1349600
ALXN,2010-04-26,28.14,28.54,27.75,27.835,1117800
ALXN,2010-04-27,27.595,28,27.18,27.26,1010600
ALXN,2010-04-28,27.195,27.495,26.82,27.2,1141800
ALXN,2010-04-29,27.43,27.695,27.125,27.425,949399
ALXN,2010-04-30,27.37,27.675,27.355,27.44,914400
ALXN,2010-05-03,27.485,27.9,27.365,27.475,796400
ALXN,2010-05-04,27.32,27.36,26.885,27.21,1164000
ALXN,2010-05-05,26.785,27.155,25.93,27.055,1995000
ALXN,2010-05-06,26.92,27.245,22.59,26.065,2915000
ALXN,2010-05-07,25.87,26.175,24.9,25.125,3452200
ALXN,2010-05-10,26,26.89,26,26.16,2661000
ALXN,2010-05-11,26.005,26.595,25.7,26.46,1966399
ALXN,2010-05-12,26.575,26.78,26.26,26.64,1283200
ALXN,2010-05-13,26.63,26.85,26.45,26.57,929600
ALXN,2010-05-14,26.42,26.575,25.515,26.06,1869600
ALXN,2010-05-17,25.99,26.295,25.495,25.715,1025000
ALXN,2010-05-18,25.84,25.995,25.06,25.225,1682000
ALXN,2010-05-19,25.075,25.685,24.995,25.22,1506200
ALXN,2010-05-20,24.74,25.03,24.425,24.7,1703400
ALXN,2010-05-21,24.475,25.11,24.36,24.92,1864600
ALXN,2010-05-24,24.72,25.225,24.675,24.74,1219200
ALXN,2010-05-25,24.17,24.37,23.58,24.305,1894800
ALXN,2010-05-26,24.55,25.34,24.51,24.69,2050200
ALXN,2010-05-27,25.14,25.34,24.75,25.335,2341800
ALXN,2010-05-28,25.28,25.45,24.81,25.015,979799
ALXN,2010-06-01,24.745,25.165,24.42,24.42,1355200
ALXN,2010-06-02,24.555,26.31,24.555,26.17,3645200
ALXN,2010-06-03,26.605,26.775,26.36,26.675,2813000
ALXN,2010-06-04,26.345,26.895,25.845,25.885,1718800
ALXN,2010-06-07,25.905,26.06,25.3,25.415,1560600
ALXN,2010-06-08,25.365,25.555,24.7,25.21,1545600
ALXN,2010-06-09,25.425,25.84,25.055,25.115,1559000
ALXN,2010-06-10,25.305,25.83,25.065,25.79,1395000
ALXN,2010-06-11,25.535,26.265,25.285,25.975,986600
ALXN,2010-06-14,25.935,26.87,25.935,26.46,1564400
ALXN,2010-06-15,26.49,27.085,26.345,26.925,1680800
ALXN,2010-06-16,26.91,27.25,26.59,26.665,2104600
ALXN,2010-06-17,26.625,27.155,26.62,27.11,1157600
ALXN,2010-06-18,27.13,27.4,27.015,27.195,1518800
ALXN,2010-06-21,27.405,27.57,27.08,27.19,979200
ALXN,2010-06-22,27.185,27.29,26.91,26.965,1750800
ALXN,2010-06-23,26.78,27.115,26.705,26.945,625200
ALXN,2010-06-24,26.745,26.865,26.325,26.34,1184000
ALXN,2010-06-25,26.38,27.015,26.35,26.78,1318000
ALXN,2010-06-28,26.885,27.155,26.66,26.975,817800
ALXN,2010-06-29,26.745,26.77,26.14,26.235,1133800
ALXN,2010-06-30,26.31,26.525,25.54,25.595,1634200
ALXN,2010-07-01,25.595,25.595,24.305,24.82,3449800
ALXN,2010-07-02,24.715,25.5,24.715,25.225,1844399
ALXN,2010-07-06,25.58,25.865,25.025,25.215,953000
ALXN,2010-07-07,25.18,25.305,24.645,25.2,2550200
ALXN,2010-07-08,25.285,25.775,25.225,25.675,1141800
ALXN,2010-07-09,25.55,26.125,25.55,26.08,820600
ALXN,2010-07-12,25.955,26.14,24.745,24.99,2064000
ALXN,2010-07-13,25.25,25.765,25.025,25.425,1581400
ALXN,2010-07-14,25.54,25.7,25.27,25.635,901800
ALXN,2010-07-15,25.585,25.82,25.415,25.685,1230600
ALXN,2010-07-16,25.54,25.71,25.125,25.2,1082200
ALXN,2010-07-19,25.2,25.415,25,25.125,726600
ALXN,2010-07-20,24.9,25.44,24.73,25.375,923200
ALXN,2010-07-21,25.415,26.08,25.415,25.56,2262200
ALXN,2010-07-22,25.755,26.865,25.75,26.6,3293600
ALXN,2010-07-23,26.57,26.57,25.5,26.4,2326400
ALXN,2010-07-26,26.605,27.495,26.52,27.21,1268400
ALXN,2010-07-27,27.345,27.345,26.81,27.215,1434000
ALXN,2010-07-28,27.26,27.42,26.58,26.61,883400
ALXN,2010-07-29,26.54,27.155,26.525,26.95,1116600
ALXN,2010-07-30,26.77,27.35,26.61,27.18,1637000
ALXN,2010-08-02,27.355,28,27.355,27.97,1093400
ALXN,2010-08-03,27.94,28.435,27.78,28.29,1292000
ALXN,2010-08-04,28.3,28.8,28.29,28.755,1384600
ALXN,2010-08-05,28.65,28.84,28.505,28.645,968200
ALXN,2010-08-06,28.52,28.655,27.93,28.36,1859200
ALXN,2010-08-09,28.55,28.695,28.315,28.475,521600
ALXN,2010-08-10,28.225,28.385,27.825,28.16,961000
ALXN,2010-08-11,27.755,27.755,27.085,27.5,1651000
ALXN,2010-08-12,27.37,28.745,27.03,28.345,1687600
ALXN,2010-08-13,28.285,28.46,28.075,28.12,491200
ALXN,2010-08-16,27.895,29,27.795,28.86,1870600
ALXN,2010-08-17,28.995,29.335,28.9,28.99,1057400
ALXN,2010-08-18,28.855,29.07,28.625,28.88,1010600
ALXN,2010-08-19,28.75,28.75,28.05,28.375,1463000
ALXN,2010-08-20,28.23,28.23,27.635,27.825,1617600
ALXN,2010-08-23,28.055,28.495,27.98,28.08,891000
ALXN,2010-08-24,27.915,28.055,27.54,27.73,1224400
ALXN,2010-08-25,27.655,28.295,27.62,28.22,890800
ALXN,2010-08-26,28.335,28.475,27.885,27.97,738400
ALXN,2010-08-27,28.195,28.845,27.66,28.76,1152800
ALXN,2010-08-30,28.765,29.03,28.415,28.57,697400
ALXN,2010-08-31,28.355,28.77,28.11,28.235,820600
ALXN,2010-09-01,28.73,29.33,28.665,28.995,1014000
ALXN,2010-09-02,28.935,29.15,28.81,29.06,769800
ALXN,2010-09-03,29.18,29.35,28.735,29.09,719400
ALXN,2010-09-07,28.995,29.085,28.785,28.855,529000
ALXN,2010-09-08,28.99,29.68,28.985,29.515,1415200
ALXN,2010-09-09,29.745,29.75,29.29,29.425,958400
ALXN,2010-09-10,29.515,30.39,29.44,30.32,2547400
ALXN,2010-09-13,30.46,30.685,29.88,29.935,1622200
ALXN,2010-09-14,30.005,30.185,29.75,29.875,1021200
ALXN,2010-09-15,29.745,30.055,29.745,30.035,921600
ALXN,2010-09-16,29.925,30.1,29.845,29.89,522800
ALXN,2010-09-17,30,30.155,29.705,30.035,1028400
ALXN,2010-09-20,30.17,30.825,30.085,30.655,886200
ALXN,2010-09-21,30.525,30.85,30.36,30.6,1189800
ALXN,2010-09-22,30.98,32.04,30.91,31.485,4533400
ALXN,2010-09-23,31.435,31.86,31.35,31.505,1315200
ALXN,2010-09-24,31.875,31.965,31.44,31.77,901800
ALXN,2010-09-27,31.79,32.165,31.56,32.035,1766000
ALXN,2010-09-28,32.08,32.545,31.165,32.49,2210200
ALXN,2010-09-29,32.535,32.69,32.06,32.155,1424600
ALXN,2010-09-30,32.25,32.32,31.88,32.18,1526400
ALXN,2010-10-01,32.285,32.315,31.43,32.095,999199
ALXN,2010-10-04,31.875,32.25,31.72,31.78,1312200
ALXN,2010-10-05,32.09,33.225,32.015,33.155,1911800
ALXN,2010-10-06,33.245,33.84,33.245,33.5,3038800
ALXN,2010-10-07,33.62,33.805,33.37,33.535,1110600
ALXN,2010-10-08,33.495,33.705,33.285,33.7,999400
ALXN,2010-10-11,33.695,33.785,33.5,33.675,1003400
ALXN,2010-10-12,33.735,34.325,33.405,34.2,1364800
ALXN,2010-10-13,34.275,34.46,33.54,33.6,2044599
ALXN,2010-10-14,33.705,33.855,33.43,33.74,2907800
ALXN,2010-10-15,33.885,34.12,33.58,33.885,2194000
ALXN,2010-10-18,34.045,34.205,33.945,34.155,1295800
ALXN,2010-10-19,33.695,34.005,33.575,33.755,2028800
ALXN,2010-10-20,33.765,34.305,33.575,34.035,2389200
ALXN,2010-10-21,35.85,36.225,33.775,34.205,7076400
ALXN,2010-10-22,33.86,33.97,33.07,33.51,3940200
ALXN,2010-10-25,33.845,34.32,33.725,33.93,1873600
ALXN,2010-10-26,33.85,34.125,33.615,33.805,848000
ALXN,2010-10-27,33.71,34.28,33.565,33.94,979999
ALXN,2010-10-28,34.105,34.455,34.055,34.115,997800
ALXN,2010-10-29,34.185,34.44,34.035,34.15,987200
ALXN,2010-11-01,34.295,34.365,33.48,33.7,951400
ALXN,2010-11-02,34.075,34.665,34.02,34.635,1306400
ALXN,2010-11-03,34.67,35.36,34.635,35.24,2153000
ALXN,2010-11-04,35.59,36.385,35.505,36.385,2914800
ALXN,2010-11-05,36.355,36.44,35.95,36.36,2333200
ALXN,2010-11-08,36.29,36.42,35.925,36.365,1345800
ALXN,2010-11-09,36.3,36.34,36,36.02,1965999
ALXN,2010-11-10,36.085,36.36,35.745,36.23,1452000
ALXN,2010-11-11,35.9,36.365,35.9,36.205,1532800
ALXN,2010-11-12,35.935,36.41,35.895,36.245,1405600
ALXN,2010-11-15,36.315,36.795,36.16,36.615,1211400
ALXN,2010-11-16,36.325,36.63,35.88,36.36,1353200
ALXN,2010-11-17,36.245,36.6,36.035,36.13,1255200
ALXN,2010-11-18,36.25,37.165,36.16,37.04,1495200
ALXN,2010-11-19,36.93,37.5,36.69,37.5,1640000
ALXN,2010-11-22,37.565,38.115,37.125,37.99,1911400
ALXN,2010-11-23,37.835,38,37.4,37.64,1345200
ALXN,2010-11-24,37.75,38.34,37.75,38.085,1720800
ALXN,2010-11-26,37.765,38.8,37.625,38.425,1297000
ALXN,2010-11-29,38.275,38.33,37.28,37.77,2539800
ALXN,2010-11-30,37.875,38.82,37.59,38.225,10368600
ALXN,2010-12-01,38.39,38.47,37.93,38.12,2861600
ALXN,2010-12-02,38,38.24,37.76,38.075,2070600
ALXN,2010-12-03,37.94,38.21,37.7,38,1843600
ALXN,2010-12-06,38.07,38.265,37.805,38.015,2173400
ALXN,2010-12-07,38.28,38.675,37.855,38.46,1585000
ALXN,2010-12-08,38.58,38.725,38.265,38.605,1922400
ALXN,2010-12-09,38.705,38.705,37.565,37.85,2126000
ALXN,2010-12-10,37.825,38.31,37.725,38.12,1571400
ALXN,2010-12-13,38.21,38.21,37.465,37.58,1704000
ALXN,2010-12-14,37.515,39.285,37.515,39.115,2321600
ALXN,2010-12-15,39.75,39.915,38.75,39.505,1626400
ALXN,2010-12-16,39.73,40.49,39.425,40.415,1871799
ALXN,2010-12-17,40.5,41.81,40.5,41.17,5087600
ALXN,2010-12-20,41.215,41.215,40.3,40.855,1605200
ALXN,2010-12-21,41.065,41.14,40.475,40.855,808800
ALXN,2010-12-22,40.88,40.98,40.485,40.725,610400
ALXN,2010-12-23,40.57,40.67,40.325,40.59,690400
ALXN,2010-12-27,40.44,40.825,40.265,40.595,507800
ALXN,2010-12-28,40.56,40.745,40.45,40.59,446000
ALXN,2010-12-29,40.59,40.61,40.32,40.43,469199
ALXN,2010-12-30,40.33,40.5,40.18,40.325,545000
ALXN,2010-12-31,40.17,40.575,39.875,40.275,903400
ALXN,2011-01-03,40.68,40.905,40.555,40.665,771800
ALXN,2011-01-04,40.685,40.975,40.48,40.735,707800
ALXN,2011-01-05,40.695,41.74,40.525,41.38,1057200
ALXN,2011-01-06,41.45,41.72,41,41.28,931000
ALXN,2011-01-07,41.245,41.45,40.04,41.17,1430000
ALXN,2011-01-10,40.635,41.57,40.57,41.4,766600
ALXN,2011-01-11,41.61,42,41.505,41.755,743400
ALXN,2011-01-12,41.89,42.145,41.58,42.125,775200
ALXN,2011-01-13,42.16,42.485,42.045,42.32,638400
ALXN,2011-01-14,42,42,40.67,41.185,2049800
ALXN,2011-01-18,41.33,43.57,41.33,43.185,2459200
ALXN,2011-01-19,43.22,43.305,42.16,42.34,1611800
ALXN,2011-01-20,42.085,42.8,41.985,42.585,1201400
ALXN,2011-01-21,42.775,42.96,42.135,42.215,916800
ALXN,2011-01-24,42.265,43.17,42.255,42.3,1245000
ALXN,2011-01-25,42.3,42.67,42.095,42.62,998999
ALXN,2011-01-26,42.545,43.2,42.495,42.75,871800
ALXN,2011-01-27,42.725,43.195,42.145,42.515,1244000
ALXN,2011-01-28,42.63,42.695,40.71,41.17,1752600
ALXN,2011-01-31,41.24,42.405,40.91,41.91,1310800
ALXN,2011-02-01,42.205,43.025,42.005,42.825,1091800
ALXN,2011-02-02,42.525,42.98,42.255,42.655,1597200
ALXN,2011-02-03,42.64,42.765,41.67,41.845,1282800
ALXN,2011-02-04,41.85,42.625,41.645,42.49,747200
ALXN,2011-02-07,42.5,42.755,42,42.145,1021000
ALXN,2011-02-08,42.145,43.33,41.73,43.2,1524400
ALXN,2011-02-09,43.2,43.25,42.415,43.06,1627000
ALXN,2011-02-10,42.25,45.145,42.04,44.97,3298000
ALXN,2011-02-11,44.36,45.09,44.04,45.025,1428000
ALXN,2011-02-14,44.54,45.025,44.54,44.965,1027400
ALXN,2011-02-15,44.93,45.11,44.64,45.04,656800
ALXN,2011-02-16,45.225,46.405,45.125,46.205,1208000
ALXN,2011-02-17,46.125,46.725,45.865,46.685,1771000
ALXN,2011-02-18,47.175,47.33,46.775,47.32,1346600
ALXN,2011-02-22,47.43,47.75,46.5,46.715,1804400
ALXN,2011-02-23,46.83,47.105,46.035,46.175,1683600
ALXN,2011-02-24,46.045,46.325,45.5,46.085,1992800
ALXN,2011-02-25,46.5,47.515,46.3,47.46,966400
ALXN,2011-02-28,47.505,48.47,47.325,48.14,1408200
ALXN,2011-03-01,48.465,48.515,47.625,48.515,1790800
ALXN,2011-03-02,48.5,50.18,48.25,49.21,2576400
ALXN,2011-03-03,49.57,49.76,49.155,49.735,1181600
ALXN,2011-03-04,49.81,49.9,48.955,49.17,1551600
ALXN,2011-03-07,49.33,49.875,48.835,49.205,1547400
ALXN,2011-03-08,49.205,50,49.065,49.805,1607200
ALXN,2011-03-09,49.62,50,49.62,49.865,876800
ALXN,2011-03-10,49.46,49.535,48.5,48.63,1951000
ALXN,2011-03-11,48.595,49.515,48.5,49.11,1249400
ALXN,2011-03-14,48.695,49.075,48.405,48.875,1268800
ALXN,2011-03-15,47.595,48,46.645,47.625,2754000
ALXN,2011-03-16,47.495,47.985,46.75,46.995,1868400
ALXN,2011-03-17,47.14,47.665,46.74,46.84,1395800
ALXN,2011-03-18,47.48,47.485,46.785,46.885,1794200
ALXN,2011-03-21,47.475,47.8,47.22,47.3,1173200
ALXN,2011-03-22,47.49,47.54,46.88,47.205,1146200
ALXN,2011-03-23,47.09,47.17,46.48,46.855,1405200
ALXN,2011-03-24,47,47.38,46.805,47.2,1198200
ALXN,2011-03-25,47.415,48.175,47.13,47.41,1258400
ALXN,2011-03-28,47.385,47.385,46.405,46.755,1398800
ALXN,2011-03-29,46.815,48.635,46.81,48.57,1212000
ALXN,2011-03-30,49.21,50,49.005,49.73,1938999
ALXN,2011-03-31,49.415,49.96,49.05,49.34,1502400
ALXN,2011-04-01,49.695,50.31,49.1,50,7426400
ALXN,2011-04-04,49.95,50.84,49.665,50.395,1823600
ALXN,2011-04-05,50.665,52.445,50.435,52.195,2571800
ALXN,2011-04-06,52.5,52.5,50.9,51,1568400
ALXN,2011-04-07,51.345,51.735,50.39,51.555,1292000
ALXN,2011-04-08,51.765,51.765,50.385,51.19,1160800
ALXN,2011-04-11,49.9,50.13,49.03,49.43,2830800
ALXN,2011-04-12,49.395,49.55,49,49.44,1377000
ALXN,2011-04-13,50.61,50.66,49.035,50.65,1515800
ALXN,2011-04-14,50.525,50.61,49.75,50.565,1949800
ALXN,2011-04-15,50.52,50.74,50.055,50.645,1249400
ALXN,2011-04-18,50.26,50.26,48.54,49.01,1694400
ALXN,2011-04-19,48.935,49.21,48.815,49.085,1373800
ALXN,2011-04-20,49.645,50.9,49.53,50.885,1421200
ALXN,2011-04-21,50.885,50.98,48.585,49.88,1794800
ALXN,2011-04-25,49.05,49.085,47.5,47.8,2514600
ALXN,2011-04-26,48.115,48.115,46.47,46.88,3430800
ALXN,2011-04-27,47,48.365,46.7,48.285,2093600
ALXN,2011-04-28,48.09,48.97,47.995,48.535,1764399
ALXN,2011-04-29,48.435,49.215,48.335,48.435,2220800
ALXN,2011-05-02,48.47,49.815,48.46,48.805,1658400
ALXN,2011-05-03,48.75,49.045,47.97,48.44,1154000
ALXN,2011-05-04,48.49,49.1,46.875,47.53,1383600
ALXN,2011-05-05,47.09,47.885,46.845,47.065,1144600
ALXN,2011-05-06,47.355,48.4,47.25,47.945,1150200
ALXN,2011-05-09,48.095,48.845,47.76,48.79,891200
ALXN,2011-05-10,48.89,49.855,48.795,49.805,1394800
ALXN,2011-05-11,49.55,49.9,49.055,49.43,1338600
ALXN,2011-05-12,49.43,50.5,48.75,50.435,866199
ALXN,2011-05-13,50.5,50.98,49.74,49.765,927600
ALXN,2011-05-16,49.61,50.075,47.805,48.16,1442400
ALXN,2011-05-17,47.515,48.82,47.03,48.595,1633400
ALXN,2011-05-18,48.27,48.385,47.655,48.33,1448400
ALXN,2011-05-19,48.53,48.965,47.3,47.6,1695400
ALXN,2011-05-20,47.4,48.09,47.055,47.79,1072800
ALXN,2011-05-23,47.12,47.67,44.36,47.33,1181500
ALXN,2011-05-24,47.25,47.44,45.87,45.99,1645100
ALXN,2011-05-25,46.09,46.44,45.35,46.06,1289700
ALXN,2011-05-26,45.99,46.56,45.64,46.3,1281500
ALXN,2011-05-27,46.14,46.52,45.52,46.18,1886000
ALXN,2011-05-31,47.69,48.69,46.64,47.42,1979600
ALXN,2011-06-01,48.7,48.99,47.73,48.14,1929100
ALXN,2011-06-02,47.97,48.92,47.61,48.11,980600
ALXN,2011-06-03,47.52,47.91,47.14,47.35,897800
ALXN,2011-06-06,47.46,47.95,46.98,47.35,897900
ALXN,2011-06-07,47.66,48.44,47.14,47.94,1002900
ALXN,2011-06-08,47.89,48.86,47.72,48.44,1364000
ALXN,2011-06-09,48.2,48.2,46.97,47.03,1147500
ALXN,2011-06-10,47.21,47.21,45.45,45.52,1204500
ALXN,2011-06-13,44.61,46.77,44.58,45.47,1300600
ALXN,2011-06-14,45.59,45.65,44.45,45.44,1592200
ALXN,2011-06-15,45.13,46.42,45.08,45.42,1337800
ALXN,2011-06-16,45.29,45.66,44.38,44.93,1097200
ALXN,2011-06-17,45.82,45.99,44.5,44.61,1272800
ALXN,2011-06-20,44.6,45.21,43.84,45.01,813000
ALXN,2011-06-21,44.98,45.44,44.19,45.31,865600
ALXN,2011-06-22,45.09,45.5,44.17,44.84,988300
ALXN,2011-06-23,44.5,45.36,43.78,45.29,1310600
ALXN,2011-06-24,45.24,45.36,44.42,44.82,1293100
ALXN,2011-06-27,44.58,45.83,44.51,45.59,1269100
ALXN,2011-06-28,45.65,47.03,45.35,46.86,1130600
ALXN,2011-06-29,46.92,47.16,46.3,46.78,1121800
ALXN,2011-06-30,46.86,47.58,46.86,47.03,805100
ALXN,2011-07-01,46.91,47.51,46.91,47.51,846600
ALXN,2011-07-05,47.37,48,46.73,47.96,1017800
ALXN,2011-07-06,47.94,48.1,47.62,47.81,776000
ALXN,2011-07-07,48.08,48.49,47.52,48.46,1026100
ALXN,2011-07-08,48.23,50.35,48.13,50.3,2087600
ALXN,2011-07-11,50,50.68,49.59,50.37,2307900
ALXN,2011-07-12,50.48,50.72,50.04,50.41,1731400
ALXN,2011-07-13,50.52,52.66,50.39,51.25,1522700
ALXN,2011-07-14,51.3,51.66,50.61,51.27,1314300
ALXN,2011-07-15,51.43,52.47,51.15,52.37,1760600
ALXN,2011-07-18,52.24,52.25,51.38,51.71,1484500
ALXN,2011-07-19,52.11,53.21,52.06,53.2,1269300
ALXN,2011-07-20,53.24,53.35,51.82,52.04,1662600
ALXN,2011-07-21,53,57.73,52.78,56.77,3347300
ALXN,2011-07-22,57,59.07,56.78,58.98,2201600
ALXN,2011-07-25,58.52,58.98,57.62,57.74,1620600
ALXN,2011-07-26,57.75,58.32,57.23,57.7,947300
ALXN,2011-07-27,57.19,57.48,55.8,56.49,1385500
ALXN,2011-07-28,56.5,57.57,56.27,56.49,1296500
ALXN,2011-07-29,55.9,57.18,55.62,56.8,1334400
ALXN,2011-08-01,57.89,57.95,55.1,56.01,1356900
ALXN,2011-08-02,55.54,56.4,54.4,54.51,1016200
ALXN,2011-08-03,54.68,55.05,52.06,54.9,1266900
ALXN,2011-08-04,53.73,54.31,50.92,50.99,2380100
ALXN,2011-08-05,50.74,51.67,48.33,50.7,2742900
ALXN,2011-08-08,48.8,50.3,46.9,48.05,2200000
ALXN,2011-08-09,48.32,50.9,46.56,49.85,2974600
ALXN,2011-08-10,51.04,51.04,47.29,48.74,2172700
ALXN,2011-08-11,48.96,51.28,48.01,50.58,2169800
ALXN,2011-08-12,50.67,53.15,49.67,52.59,1592400
ALXN,2011-08-15,52.88,53.66,52.03,53.13,1286600
ALXN,2011-08-16,52.93,53.02,51.65,52.45,1497800
ALXN,2011-08-17,52.65,53.4,50.84,51.74,1140700
ALXN,2011-08-18,50.66,50.85,49.67,50.31,1624700
ALXN,2011-08-19,49.77,51.74,49.73,50.46,1509100
ALXN,2011-08-22,51.31,51.49,49.91,50.41,1026500
ALXN,2011-08-23,50.49,52,49.5,51.73,1712900
ALXN,2011-08-24,51.17,53.58,50.7,53.51,1761000
ALXN,2011-08-25,53.35,54,52.65,52.99,1120000
ALXN,2011-08-26,52.63,54.89,52.23,54.68,1110200
ALXN,2011-08-29,55.49,57.29,55.03,57.02,1151600
ALXN,2011-08-30,56.93,58.05,56.16,57.59,1029000
ALXN,2011-08-31,57.92,59.41,57.21,57.94,1259300
ALXN,2011-09-01,57.66,57.77,55.92,56.63,993500
ALXN,2011-09-02,56.22,58.07,55.24,56.89,1117200
ALXN,2011-09-06,55.98,60.09,55.43,59.84,2096000
ALXN,2011-09-07,60.25,60.81,59.08,59.54,1833300
ALXN,2011-09-08,59.42,60.14,58.32,59.69,1244800
ALXN,2011-09-09,59.25,59.56,57.6,58.07,981000
ALXN,2011-09-12,57.09,58.9,56.85,58.81,1073600
ALXN,2011-09-13,59.13,59.93,58.34,59.87,1172500
ALXN,2011-09-14,60.09,60.72,58.75,60.09,1270700
ALXN,2011-09-15,62.28,64.17,61.82,64.08,2230100
ALXN,2011-09-16,63.74,63.74,61.62,62.07,2319300
ALXN,2011-09-19,61.57,64.39,61,63.85,1384100
ALXN,2011-09-20,64.12,66.9,63.71,66.2,2212500
ALXN,2011-09-21,66.1,67.75,65.45,65.71,2181100
ALXN,2011-09-22,64.29,64.96,62.2,63.37,1734100
ALXN,2011-09-23,62.8,67.58,62.47,66.15,2715500
ALXN,2011-09-26,67.41,68.46,64.84,66.18,2169400
ALXN,2011-09-27,67.48,68.5,66.76,66.99,1979200
ALXN,2011-09-28,67.87,68.31,65.81,65.9,1361200
ALXN,2011-09-29,66.68,67,62.5,64.23,1871700
ALXN,2011-09-30,63.59,65.12,62.49,64.06,1722000
ALXN,2011-10-03,63.8,64.12,59.42,60.87,2615000
ALXN,2011-10-04,60.1,62.99,59.98,62.68,2772700
ALXN,2011-10-05,63.16,65,60.92,64.71,2757800
ALXN,2011-10-06,65,65.87,64.29,65.64,1182600
ALXN,2011-10-07,65.15,66.04,63.47,65.18,1028000
ALXN,2011-10-10,66.11,68.16,65.62,67.88,966600
ALXN,2011-10-11,67.72,70.2,67.42,68.83,1545600
ALXN,2011-10-12,69.11,69.45,65.43,65.97,1959100
ALXN,2011-10-13,65.99,67.98,65.41,67.38,1182500
ALXN,2011-10-14,68.17,68.18,66.03,66.8,927500
ALXN,2011-10-17,66.77,67.79,65.68,66.21,634300
ALXN,2011-10-18,66.39,67.23,64.67,66.72,896500
ALXN,2011-10-19,66.52,67.82,65.64,66.06,1072200
ALXN,2011-10-20,68.72,69.79,65.28,66.76,2379000
ALXN,2011-10-21,67.67,69.41,67.22,68.38,1828200
ALXN,2011-10-24,68.24,70.42,68.2,69.56,1681900
ALXN,2011-10-25,69.6,69.95,66.73,66.91,958900
ALXN,2011-10-26,66.77,67.6,65.28,66.85,1191900
ALXN,2011-10-27,67.84,68.15,66.83,67.54,990900
ALXN,2011-10-28,67.25,68.49,67,67.93,906200
ALXN,2011-10-31,68,68.98,67.44,67.51,1477000
ALXN,2011-11-01,65.77,66.75,63.5,66.27,1509400
ALXN,2011-11-02,66.88,67.32,64.98,66.11,1007800
ALXN,2011-11-03,66.73,67.05,64.81,65.2,1085200
ALXN,2011-11-04,65.24,66.42,64.76,66.04,1058600
ALXN,2011-11-07,66.02,66.6,64.25,65.64,823200
ALXN,2011-11-08,65.7,66.18,64.47,64.84,1336300
ALXN,2011-11-09,63.86,65.22,62.77,64.07,1383900
ALXN,2011-11-10,64.69,65.05,62.72,63.6,1054900
ALXN,2011-11-11,64,64.72,63,64.25,1096000
ALXN,2011-11-14,64.37,68.16,63.51,66.81,2403700
ALXN,2011-11-15,66.86,67.7,66.1,67.32,1822900
ALXN,2011-11-16,66.9,67.36,65.99,66.17,1247900
ALXN,2011-11-17,66.19,66.71,64.3,64.69,1210500
ALXN,2011-11-18,64.3,65.12,63.98,64.12,1046800
ALXN,2011-11-21,63.33,64.74,62.02,64.41,1179500
ALXN,2011-11-22,64.31,66.29,63.64,66.18,840300
ALXN,2011-11-23,66,66,64.82,64.87,836500
ALXN,2011-11-25,64.53,64.88,63.53,63.87,355800
ALXN,2011-11-28,65.92,67.53,64.61,67.47,951800
ALXN,2011-11-29,67.47,67.62,65.47,65.97,1200300
ALXN,2011-11-30,67.26,68.71,66.51,68.66,1474700
ALXN,2011-12-01,68.51,69.27,67.79,69.26,798700
ALXN,2011-12-02,69.45,69.72,66.65,66.98,1216600
ALXN,2011-12-05,68.31,68.34,64.74,65.1,1641400
ALXN,2011-12-06,65.28,66.05,64.95,65.05,977700
ALXN,2011-12-07,64.97,64.99,63.6,64.45,1353800
ALXN,2011-12-08,64.32,65.09,63.81,64.18,837400
ALXN,2011-12-09,64.54,65.34,63.91,65.06,1212000
ALXN,2011-12-12,65.1,65.28,64.61,65.11,840200
ALXN,2011-12-13,65.13,65.92,63.34,63.82,1333800
ALXN,2011-12-14,63.59,64.16,62.5,63.03,854000
ALXN,2011-12-15,63.14,63.96,62.55,63.67,834700
ALXN,2011-12-16,64.17,66.48,63.84,66.37,1862800
ALXN,2011-12-19,66.86,68.17,66.51,67.24,1328000
ALXN,2011-12-20,68.16,69.13,67.88,68.99,1164200
ALXN,2011-12-21,68.93,69.95,66.62,67.54,1322800
ALXN,2011-12-22,67.65,68.13,67.07,67.36,680300
ALXN,2011-12-23,67.49,69.25,67.25,69.08,880200
ALXN,2011-12-27,69.24,72.18,69.01,71.55,1491400
ALXN,2011-12-28,71.5,71.78,70.63,70.92,698300
ALXN,2011-12-29,69.97,71.29,69,70.98,1289300
ALXN,2011-12-30,71.46,72.25,70.83,71.5,1051400
ALXN,2012-01-03,72.55,72.67,70.14,70.57,1489700
ALXN,2012-01-04,70.38,71.05,69.82,70.29,751100
ALXN,2012-01-05,70.95,73.05,70.37,72.41,1462900
ALXN,2012-01-06,72.5,74.68,72,74.45,1776100
ALXN,2012-01-09,75.26,76.2,74.12,74.27,1323300
ALXN,2012-01-10,75,75.71,74.05,74.68,1651200
ALXN,2012-01-11,74.76,75.03,73.16,73.64,1291200
ALXN,2012-01-12,73.65,74.38,73.12,74.32,681000
ALXN,2012-01-13,74.09,75.06,73.31,74.62,864000
ALXN,2012-01-17,75.48,77.32,74.65,77.11,1371800
ALXN,2012-01-18,77.34,77.58,76.5,76.99,1110700
ALXN,2012-01-19,77.19,77.19,75.57,75.69,1255600
ALXN,2012-01-20,75.57,75.65,73.04,73.58,1682600
ALXN,2012-01-23,73.86,75.67,73.78,74.33,1448200
ALXN,2012-01-24,74.32,74.96,73.87,73.98,1094100
ALXN,2012-01-25,74.39,75.26,73.76,74.94,1592700
ALXN,2012-01-26,75.38,75.38,73.69,74.95,949500
ALXN,2012-01-27,74.41,75.97,74.41,75.4,684400
ALXN,2012-01-30,74.66,75.62,73.73,75.01,707600
ALXN,2012-01-31,75.53,76.83,74.68,76.76,1325100
ALXN,2012-02-01,76.95,78.08,76.33,77.35,851500
ALXN,2012-02-02,77.25,78.51,76.81,77.78,917300
ALXN,2012-02-03,80.35,80.97,78.38,78.88,1163100
ALXN,2012-02-06,78.75,80.08,78.2,79.75,897200
ALXN,2012-02-07,79.87,79.96,78.4,78.81,921900
ALXN,2012-02-08,78.86,78.86,75.04,76.69,2024000
ALXN,2012-02-09,79,83.1,76.81,80.41,2365200
ALXN,2012-02-10,81.39,83.88,81.07,83.44,2100700
ALXN,2012-02-13,83.98,84.83,83.54,84.35,1221200
ALXN,2012-02-14,84,85.48,83,83.39,1432300
ALXN,2012-02-15,83.29,84,82.51,83,957500
ALXN,2012-02-16,83.27,84,82.23,83,982700
ALXN,2012-02-17,82.93,82.94,80.25,81,1225900
ALXN,2012-02-21,81.27,82.5,80,81.81,1175500
ALXN,2012-02-22,81.53,83.94,81.16,83.46,1700500
ALXN,2012-02-23,84.88,87.63,84.32,85.91,1810400
ALXN,2012-02-24,86,86.48,84.23,84.63,984800
ALXN,2012-02-27,84.01,84.6,83.46,83.76,1036300
ALXN,2012-02-28,83.76,84.86,82.13,84.85,1337400
ALXN,2012-02-29,84.63,84.94,83.46,83.73,1108200
ALXN,2012-03-01,84.15,84.68,83.01,84.54,1039500
ALXN,2012-03-02,84.31,85.28,83.52,85.26,1256800
ALXN,2012-03-05,84.9,85.84,83.68,84.2,889500
ALXN,2012-03-06,83.9,84.73,82.7,83.28,964900
ALXN,2012-03-07,83.17,84.13,82.63,83.85,719600
ALXN,2012-03-08,84.04,85.46,83.9,84.91,954100
ALXN,2012-03-09,84.9,85.39,84,84.73,1050900
ALXN,2012-03-12,85.27,88.5,84.86,87.87,2116000
ALXN,2012-03-13,89.1,89.85,88,89.51,1426700
ALXN,2012-03-14,89.32,89.48,88.33,89.17,1357500
ALXN,2012-03-15,89.16,89.77,89.01,89.52,1133400
ALXN,2012-03-16,89.08,89.54,88.1,89.01,1607800
ALXN,2012-03-19,89.32,89.9,88.53,89.81,912300
ALXN,2012-03-20,89.5,90.53,88.9,90.02,1509700
ALXN,2012-03-21,90.25,93.47,90.02,92.8,1707600
ALXN,2012-03-22,92.34,94.22,91.64,94.02,1565900
ALXN,2012-03-23,94.1,94.9,92.45,93.82,889300
ALXN,2012-03-26,92.46,95.01,92,94.31,1259300
ALXN,2012-03-27,93.98,94.41,92.99,93.28,1293200
ALXN,2012-03-28,92.97,93.83,87.03,90.22,3962200
ALXN,2012-03-29,89.23,91.5,88.74,91.26,1514600
ALXN,2012-03-30,91.95,93.05,91.52,92.86,1694700
ALXN,2012-04-02,93,93.54,92.26,93.05,1529100
ALXN,2012-04-03,92.75,93.87,92.5,93.87,1010700
ALXN,2012-04-04,93.35,93.74,91.88,92.83,814100
ALXN,2012-04-05,92.18,93.86,91.93,93.67,661000
ALXN,2012-04-09,92.57,92.72,91.53,91.88,761200
ALXN,2012-04-10,92.11,92.17,88.24,89.22,1238300
ALXN,2012-04-11,89.85,91.13,89.42,89.81,899700
ALXN,2012-04-12,90.19,90.92,89.77,90.1,675300
ALXN,2012-04-13,89.4,90.43,88.82,89.02,811300
ALXN,2012-04-16,89.41,89.6,87.01,88.67,1257700
ALXN,2012-04-17,88.86,90.2,88.49,89.71,959400
ALXN,2012-04-18,89.52,91.21,89.02,90.36,677300
ALXN,2012-04-19,90.34,92.38,90.31,90.97,792800
ALXN,2012-04-20,91.52,92.59,91.01,91.76,921200
ALXN,2012-04-23,90.81,91.94,89.34,91.94,1215600
ALXN,2012-04-24,93.57,93.97,88.01,88.9,2273500
ALXN,2012-04-25,89.37,90.98,88.33,90.46,1370600
ALXN,2012-04-26,90.74,90.74,89.28,89.38,1218700
ALXN,2012-04-27,89.37,91.74,88.44,90.56,1030700
ALXN,2012-04-30,90.67,91.17,89.83,90.32,852800
ALXN,2012-05-01,90.7,92.39,90.1,91.73,1027900
ALXN,2012-05-02,91,92.56,90.22,92.26,830400
ALXN,2012-05-03,92.53,92.57,90.61,90.99,673900
ALXN,2012-05-04,90.4,90.44,86.66,87.28,1616500
ALXN,2012-05-07,85.32,87.47,81.28,86.39,1954200
ALXN,2012-05-08,85.62,85.99,83.77,85.75,1536800
ALXN,2012-05-09,85.15,85.25,83.62,84.34,1050500
ALXN,2012-05-10,84.62,86.75,84.62,86.22,1292000
ALXN,2012-05-11,85.94,87.47,85.5,86.29,1072000
ALXN,2012-05-14,85.96,86.39,85.31,86.02,905600
ALXN,2012-05-15,86.13,87.67,86,86.73,1075800
ALXN,2012-05-16,86.79,87.73,86.54,86.99,1516200
ALXN,2012-05-17,86.8,87.4,84.34,84.35,1499400
ALXN,2012-05-18,84.58,84.77,82.95,84.26,1746200
ALXN,2012-05-21,84.86,89.17,84.7,88.76,1721600
ALXN,2012-05-22,91.8,94.36,91.8,92.54,5568800
ALXN,2012-05-23,90.58,91.36,89.46,90.57,3207700
ALXN,2012-05-24,90.86,93.37,90.77,93.1,26402400
ALXN,2012-05-25,93.04,93.36,91.38,92.42,2832000
ALXN,2012-05-29,92.78,92.98,90.89,92.07,2642300
ALXN,2012-05-30,91.7,92.06,90.18,91.69,1935800
ALXN,2012-05-31,91.57,92.21,89.61,90.57,4854600
ALXN,2012-06-01,88.59,89.87,87.36,87.6,2407700
ALXN,2012-06-04,87.5,88.48,86.64,88.39,1989600
ALXN,2012-06-05,88.48,89.96,87.71,89.8,1212300
ALXN,2012-06-06,90.23,90.98,89.27,90.84,1364000
ALXN,2012-06-07,91.84,92,90.19,90.38,949700
ALXN,2012-06-08,90.26,92.57,89.7,92.43,1358500
ALXN,2012-06-11,92.7,92.98,90.34,90.45,1356400
ALXN,2012-06-12,90.96,93.75,90.6,93.72,1917100
ALXN,2012-06-13,93.63,93.74,91.17,91.66,1258300
ALXN,2012-06-14,91.9,93.71,91.54,92.96,1393700
ALXN,2012-06-15,93.31,94.38,92.55,93.31,3724900
ALXN,2012-06-18,93.23,94.34,92.72,94.06,1419300
ALXN,2012-06-19,95.32,99.2,95.3,98.7,2789100
ALXN,2012-06-20,99.2,99.41,96.49,97.82,1585100
ALXN,2012-06-21,98.15,98.87,94.7,94.99,1811600
ALXN,2012-06-22,94.8,96.19,92.75,95.95,1648600
ALXN,2012-06-25,95.49,96.13,94.25,95.9,898600
ALXN,2012-06-26,96.03,98.45,96.02,97.38,1022900
ALXN,2012-06-27,97.47,99.7,97.4,99.46,1153900
ALXN,2012-06-28,98.57,98.79,94.62,96.49,1341300
ALXN,2012-06-29,98.65,99.49,98.35,99.3,1245200
ALXN,2012-07-02,100,104.38,99.39,103.83,2252400
ALXN,2012-07-03,104.25,104.31,102.5,103.74,711500
ALXN,2012-07-05,103.88,104.27,103.21,103.39,1463200
ALXN,2012-07-06,103.23,103.85,100.31,101.25,1101700
ALXN,2012-07-09,101.03,102.17,99.59,100.43,1269600
ALXN,2012-07-10,101.22,101.85,97.9,98.11,1392700
ALXN,2012-07-11,98.11,98.28,95.8,96.68,1544900
ALXN,2012-07-12,96.02,97.52,94.8,97.19,1125000
ALXN,2012-07-13,97.37,98.33,96.62,97.35,1139300
ALXN,2012-07-16,96.87,98.34,96.62,97.5,976100
ALXN,2012-07-17,98.13,99.18,97.18,98.97,826300
ALXN,2012-07-18,98.8,100.35,98.35,100.11,1292500
ALXN,2012-07-19,100.14,101,98.82,100.32,1384600
ALXN,2012-07-20,100.7,100.8,99.1,99.35,1697600
ALXN,2012-07-23,97.71,98.64,95.17,98.44,1853300
ALXN,2012-07-24,98.83,98.94,97.31,97.62,2089600
ALXN,2012-07-25,103.56,105.32,98,105.13,3183300
ALXN,2012-07-26,105.36,108.87,103.95,106.14,2631200
ALXN,2012-07-27,106.14,109.96,105.19,108.97,2024500
ALXN,2012-07-30,108.68,109.9,104.29,104.59,2138900
ALXN,2012-07-31,104.44,107.06,104.29,104.85,1639300
ALXN,2012-08-01,105.56,106.42,102.53,102.72,1548900
ALXN,2012-08-02,101.55,103.21,101,102.3,1158900
ALXN,2012-08-03,104.4,109.14,103.59,106.96,3111900
ALXN,2012-08-06,107.14,107.76,103.31,106.13,1484800
ALXN,2012-08-07,105.42,105.96,104.14,105.1,854200
ALXN,2012-08-08,105.28,105.5,104.03,104.72,709000
ALXN,2012-08-09,104.48,105.46,103.47,103.63,739500
ALXN,2012-08-10,103.48,104.31,102.16,103.42,622900
ALXN,2012-08-13,103.54,104.03,102.25,103.68,500100
ALXN,2012-08-14,104.37,104.68,103.06,104.03,725600
ALXN,2012-08-15,103.75,105.59,102.98,105.35,682200
ALXN,2012-08-16,105.14,105.24,103.46,103.61,838000
ALXN,2012-08-17,103.82,103.82,100.56,102.31,1210400
ALXN,2012-08-20,102.2,102.4,100.59,101.59,854800
ALXN,2012-08-21,101.78,102.33,101.14,101.65,827300
ALXN,2012-08-22,101.3,104.42,101.07,104.23,1027900
ALXN,2012-08-23,103.87,104.5,102.63,103.7,671800
ALXN,2012-08-24,103.76,107,103.54,106.74,1009000
ALXN,2012-08-27,106.55,107.58,105.81,106.94,1016500
ALXN,2012-08-28,106.67,108.31,105.82,107.54,1475000
ALXN,2012-08-29,107.78,107.94,106.01,106.57,913000
ALXN,2012-08-30,105.75,106.16,104.89,105.6,778500
ALXN,2012-08-31,106.53,107.49,105.03,107.21,1034800
ALXN,2012-09-04,106.76,108.74,105.7,108.4,879700
ALXN,2012-09-05,108.6,108.68,106.08,106.81,927200
ALXN,2012-09-06,107.79,109.25,107.31,109.03,743300
ALXN,2012-09-07,109.63,111.06,108.12,110.61,1080500
ALXN,2012-09-10,110.72,111.04,109.42,110.07,920000
ALXN,2012-09-11,109.86,110.42,109.17,109.65,644900
ALXN,2012-09-12,110.17,110.36,108.35,109.06,474200
ALXN,2012-09-13,108.97,110.79,107.4,110.46,779700
ALXN,2012-09-14,110.64,111.77,109.83,110.47,1113000
ALXN,2012-09-17,110.54,112.2,110.3,111.73,786000
ALXN,2012-09-18,111.83,113.09,111.36,113.08,786800
ALXN,2012-09-19,113.59,114.37,112.76,113.97,1113000
ALXN,2012-09-20,113.89,114.24,112.9,113.73,571800
ALXN,2012-09-21,113.5,114.96,113.21,114.21,1978300
ALXN,2012-09-24,114.18,114.7,112.59,112.92,751800
ALXN,2012-09-25,113.54,116.43,113.23,113.9,1279200
ALXN,2012-09-26,113.92,114.81,111.31,111.96,1051900
ALXN,2012-09-27,112.09,113.54,111.44,113.25,755000
ALXN,2012-09-28,113.5,115,112,114.4,1100900
ALXN,2012-10-01,114.52,117.65,114.52,116,1519900
ALXN,2012-10-02,116.56,116.87,115.43,116.63,901200
ALXN,2012-10-03,116.97,117.95,116.02,117.82,837300
ALXN,2012-10-04,118.25,119.48,117.46,117.72,680900
ALXN,2012-10-05,118.44,119.54,117.78,118.15,719600
ALXN,2012-10-08,118,118.08,115.05,115.24,941500
ALXN,2012-10-09,114.93,114.93,110.81,111.3,1372300
ALXN,2012-10-10,110.06,112.62,110.01,111.41,937200
ALXN,2012-10-11,112.22,113.33,111.55,112.16,829300
ALXN,2012-10-12,112.06,112.38,110.98,111.19,610200
ALXN,2012-10-15,112,112.36,110.11,111.42,931400
ALXN,2012-10-16,111.75,112.62,110.84,111.74,781000
ALXN,2012-10-17,111.42,115.06,111.42,114.59,861200
ALXN,2012-10-18,116.4,116.85,113.54,113.67,821600
ALXN,2012-10-19,113.68,113.95,107.58,107.62,2000000
ALXN,2012-10-22,107,107.18,100.81,104.03,2633900
ALXN,2012-10-23,101.6,102.99,98.12,100.94,2034700
ALXN,2012-10-24,101.09,101.97,93.33,93.56,4690700
ALXN,2012-10-25,94.32,97,94.11,96.45,2808600
ALXN,2012-10-26,96.26,97.18,95.24,95.26,1670900
ALXN,2012-10-31,95.37,95.55,90.24,90.38,2522300
ALXN,2012-11-01,90.43,93.75,89.22,92.4,2366800
ALXN,2012-11-02,93.16,93.16,88.86,89.09,2239800
ALXN,2012-11-05,89,91.84,88.7,90.59,1533700
ALXN,2012-11-06,90.46,91.56,89.88,90.32,1598600
ALXN,2012-11-07,89.75,90.23,86.76,87.97,1949600
ALXN,2012-11-08,87.53,89.33,86.2,88.69,2980100
ALXN,2012-11-09,88.4,91.79,88,90.8,1970300
ALXN,2012-11-12,90.92,93.8,90.9,91.98,1396200
ALXN,2012-11-13,91.93,92.43,90.9,91.37,1079400
ALXN,2012-11-14,92.14,92.17,89.25,89.44,1207000
ALXN,2012-11-15,89.27,89.4,86.8,88.25,1838700
ALXN,2012-11-16,88.44,91.49,88.26,90.91,1540300
ALXN,2012-11-19,92,92.86,90.44,92.47,1328300
ALXN,2012-11-20,92.37,94.09,91.83,94.06,1124500
ALXN,2012-11-21,94.03,94.7,93.06,93.46,839600
ALXN,2012-11-23,94.03,94.8,93.85,94.71,360900
ALXN,2012-11-26,94.39,94.65,93.35,94.07,913100
ALXN,2012-11-27,93.68,94.9,93.45,93.91,1122400
ALXN,2012-11-28,93.53,96.15,93.06,96.02,1425000
ALXN,2012-11-29,96.28,97.16,95.3,95.65,684300
ALXN,2012-11-30,96.11,96.34,94.66,96.02,954100
ALXN,2012-12-03,96.24,97.07,94.96,95.19,1020600
ALXN,2012-12-04,95.78,96.36,94.86,95.16,824200
ALXN,2012-12-05,95.42,95.58,93.82,94.11,1020500
ALXN,2012-12-06,94.18,95.1,92.85,93.59,983800
ALXN,2012-12-07,93.78,94.1,90.08,91.5,1718300
ALXN,2012-12-10,91.74,94.12,91.52,92.65,1611700
ALXN,2012-12-11,93.08,95.72,93.05,95.23,954000
ALXN,2012-12-12,95.5,95.65,93.55,95.09,903000
ALXN,2012-12-13,94.61,95.2,92.95,94.12,1060300
ALXN,2012-12-14,94.1,95,93.04,93.4,1606500
ALXN,2012-12-17,93.74,95.21,92.9,95.19,800300
ALXN,2012-12-18,95.44,97.8,95.07,97.29,1265600
ALXN,2012-12-19,96,97.3,94.55,95.05,1367100
ALXN,2012-12-20,95.61,96.43,94.85,95.86,889900
ALXN,2012-12-21,95.08,95.08,92.06,93.88,2297200
ALXN,2012-12-24,94,95.9,93.35,95.39,653800
ALXN,2012-12-26,95.09,95.23,93,93.77,735000
ALXN,2012-12-27,93.72,94.71,92.03,93.62,1217800
ALXN,2012-12-28,92.95,93.8,92.22,92.36,548500
ALXN,2012-12-31,92.21,93.83,91.44,93.74,1528700
ALXN,2013-01-02,96.25,100.06,96.01,100.05,2003600
ALXN,2013-01-03,99.34,99.84,98.06,98.48,1041900
ALXN,2013-01-04,98.54,99.45,97.54,97.62,1219600
ALXN,2013-01-07,97.21,97.4,96.63,97.31,1386800
ALXN,2013-01-08,97.3,97.83,96.39,97.49,1821300
ALXN,2013-01-09,97.67,100.66,96.93,100.31,1283600
ALXN,2013-01-10,100.73,102.74,100.09,102.57,1721800
ALXN,2013-01-11,102.9,103.2,99.73,100.39,1178900
ALXN,2013-01-14,100.14,100.17,98.36,99.35,929100
ALXN,2013-01-15,98.68,99.92,97.74,98.22,1126900
ALXN,2013-01-16,98.08,98.39,97.08,97.39,803500
ALXN,2013-01-17,98.24,98.53,97.31,97.41,929800
ALXN,2013-01-18,97.39,97.84,96.53,97.42,1215300
ALXN,2013-01-22,97.42,98.2,96.99,97.4,1295200
ALXN,2013-01-23,97.46,97.8,91.3,92.96,5158100
ALXN,2013-01-24,93.65,95.91,92.33,94.55,3010100
ALXN,2013-01-25,94.9,95.44,93.7,94.68,1437900
ALXN,2013-01-28,95.18,95.46,93.06,94.5,1243800
ALXN,2013-01-29,94.32,95.03,93.33,95,1416600
ALXN,2013-01-30,95.19,96.98,94.71,95.35,1582200
ALXN,2013-01-31,94.73,95.38,93.62,93.99,1104000
ALXN,2013-02-01,94.06,98.59,94.02,97.87,1890400
ALXN,2013-02-04,96.1,96.86,94.41,95.22,1278500
ALXN,2013-02-05,95.99,96.16,94.7,95.32,1297100
ALXN,2013-02-06,94.85,95.3,92.87,93.83,2042200
ALXN,2013-02-07,94.08,94.33,91.68,92.67,1691900
ALXN,2013-02-08,93.11,93.99,92.9,93.66,1059900
ALXN,2013-02-11,93.66,93.97,91.98,92.3,1707100
ALXN,2013-02-12,92.34,92.43,89.81,90.21,3115800
ALXN,2013-02-13,90.12,92.21,89.85,92.01,2496800
ALXN,2013-02-14,94.5,95.25,84.52,87.63,5936400
ALXN,2013-02-15,87.93,88.47,85.53,86.01,3690700
ALXN,2013-02-19,82.77,85.47,81.82,83.39,3996700
ALXN,2013-02-20,84.44,85.28,83.3,84.46,4062300
ALXN,2013-02-21,84.38,87.98,83.62,87.28,3895500
ALXN,2013-02-22,87.28,87.8,86.93,87.44,2005900
ALXN,2013-02-25,87.07,87.89,86.18,86.29,1949900
ALXN,2013-02-26,86.41,86.75,85.17,85.36,2840000
ALXN,2013-02-27,85.31,87.32,84.46,86.54,1455300
ALXN,2013-02-28,86.24,87.75,86,86.74,1324700
ALXN,2013-03-01,86.74,87.07,86.09,86.77,1506700
ALXN,2013-03-04,86.69,89.93,86.11,89.9,2328400
ALXN,2013-03-05,90.17,91.9,90.03,91.01,2383500
ALXN,2013-03-06,91.38,93.5,91,93.18,2446200
ALXN,2013-03-07,92.7,93.17,91.46,92.24,1289300
ALXN,2013-03-08,92.69,92.99,90.76,91.06,1466100
ALXN,2013-03-11,90.8,92.35,90.46,91.67,1151000
ALXN,2013-03-12,91.58,92.01,90.69,91.75,998000
ALXN,2013-03-13,91.74,92.16,91,91.51,1060900
ALXN,2013-03-14,91.64,92.05,91.41,91.84,875400
ALXN,2013-03-15,91.41,94.41,91.41,93.66,2874500
ALXN,2013-03-18,92.44,94.35,91.22,93.64,1853600
ALXN,2013-03-19,93.58,94.06,91.93,92.74,1365700
ALXN,2013-03-20,93.51,94.48,92.79,93.88,1151800
ALXN,2013-03-21,93.2,93.8,91.85,92.34,834500
ALXN,2013-03-22,92.71,93.51,92.42,93.48,724300
ALXN,2013-03-25,93.54,94.09,91.82,92.35,816500
ALXN,2013-03-26,92.8,93.06,91.32,91.37,1115700
ALXN,2013-03-27,90.77,94.04,89.75,93.92,1489000
ALXN,2013-03-28,91.69,93,90.29,92.14,2555200
ALXN,2013-04-01,91.07,95.86,91.07,95.6,2537900
ALXN,2013-04-02,96.18,100.25,96,99.03,3116300
ALXN,2013-04-03,98.68,99.59,96.53,97.27,2286200
ALXN,2013-04-04,97.98,99.14,97.1,98.9,1720600
ALXN,2013-04-05,98.04,99.7,97.46,99.2,1501800
ALXN,2013-04-08,98.99,99.42,97.01,98.18,1066100
ALXN,2013-04-09,97.36,99.02,97.27,98.32,1099700
ALXN,2013-04-10,98.3,100.55,98.3,100.05,1394800
ALXN,2013-04-11,100.21,100.78,99.78,100.42,1013400
ALXN,2013-04-12,100.43,100.43,99.28,100.1,1182400
ALXN,2013-04-15,99.71,100.04,96.09,96.22,1381600
ALXN,2013-04-16,97.38,97.38,95.52,96.2,1884500
ALXN,2013-04-17,95.84,95.85,93.83,94.75,1634800
ALXN,2013-04-18,94.72,94.72,91.43,92.02,1365400
ALXN,2013-04-19,92.29,93.41,91.16,92.6,3864600
ALXN,2013-04-22,92.61,93.17,88.86,90.45,2651600
ALXN,2013-04-23,90.79,92.43,90.34,91.69,1626200
ALXN,2013-04-24,92.09,92.28,89.12,89.23,2063100
ALXN,2013-04-25,92.31,99.07,91.1,98.82,4363600
ALXN,2013-04-26,98.67,99.79,97.5,99.34,1490800
ALXN,2013-04-29,99.55,99.58,98.27,98.66,1399000
ALXN,2013-04-30,98.16,98.46,96.06,98,1461500
ALXN,2013-05-01,98,98.37,96.09,96.67,1237500
ALXN,2013-05-02,96.38,97.65,95.68,96.2,1171100
ALXN,2013-05-03,97.68,98.62,96.86,98.17,1137400
ALXN,2013-05-06,98.25,98.64,96.95,97.07,902300
ALXN,2013-05-07,97.12,97.83,95.94,96.35,820500
ALXN,2013-05-08,96.28,98.05,95.73,96.6,808800
ALXN,2013-05-09,96.74,99.84,96.7,98.19,1853600
ALXN,2013-05-10,98.52,104.21,97.9,104.14,2346200
ALXN,2013-05-13,103.61,105.02,102.06,104.86,1256500
ALXN,2013-05-14,104.86,108.13,104.61,107.86,1896000
ALXN,2013-05-15,107.87,108,103.32,105.21,1283000
ALXN,2013-05-16,104.84,104.85,100.03,101.82,1670400
ALXN,2013-05-17,102.57,104.29,101.77,102.9,977600
ALXN,2013-05-20,102.79,103.53,99.84,100.03,914300
ALXN,2013-05-21,100.52,102.87,100.03,102.67,1020200
ALXN,2013-05-22,103,104.5,99.35,100.57,1131500
ALXN,2013-05-23,99.74,101.28,98,99.88,779900
ALXN,2013-05-24,98.83,99.71,98.04,99.17,684900
ALXN,2013-05-28,100.5,102.14,99.9,101.19,996800
ALXN,2013-05-29,100.21,100.37,98.8,99.24,767800
ALXN,2013-05-30,99.58,101.71,99.44,101.13,725900
ALXN,2013-05-31,100.37,101.07,97.51,97.58,1336900
ALXN,2013-06-03,97.89,98.44,91.94,95.48,2311000
ALXN,2013-06-04,95.44,95.74,91.28,92.56,1640100
ALXN,2013-06-05,92.5,94.13,89.56,90.81,1520700
ALXN,2013-06-06,90.59,92.94,90.34,92.92,1437800
ALXN,2013-06-07,93.59,95.97,93.5,94.38,1271700
ALXN,2013-06-10,94.66,94.66,91.06,91.91,1429100
ALXN,2013-06-11,90.73,95.4,90.5,93.03,1126400
ALXN,2013-06-12,93.84,94.71,91,91.35,945100
ALXN,2013-06-13,91.31,93.73,90.61,93.41,811200
ALXN,2013-06-14,92.95,93.43,91.13,92.22,940800
ALXN,2013-06-17,93.13,93.16,90.69,91.32,1058400
ALXN,2013-06-18,91.47,93.58,91.35,92.39,949200
ALXN,2013-06-19,93.79,95.85,90.86,91.09,2793600
ALXN,2013-06-20,90.17,91.01,87.39,88.47,1678700
ALXN,2013-06-21,89.17,90.74,87.36,88.49,3600600
ALXN,2013-06-24,88.02,89.4,87.01,87.99,1774400
ALXN,2013-06-25,88.7,89.14,87.02,88.38,1586200
ALXN,2013-06-26,89.41,93.23,89.16,92.75,1753900
ALXN,2013-06-27,93.67,94.2,92.85,93.79,968800
ALXN,2013-06-28,93.14,93.92,92.07,92.24,1272800
ALXN,2013-07-01,93.73,99.04,93.33,95.86,2096800
ALXN,2013-07-02,95.44,96.4,94.21,95.35,869200
ALXN,2013-07-03,94.54,96.42,94.11,96.04,444600
ALXN,2013-07-05,96.31,96.58,95.52,96.45,514900
ALXN,2013-07-08,97,97,93.72,94.34,1109700
ALXN,2013-07-09,95.08,96.17,94,95.73,1018900
ALXN,2013-07-10,95.75,101.25,95.45,100.12,1710700
ALXN,2013-07-11,101.19,102.37,100.5,101.44,1347500
ALXN,2013-07-12,101.51,125.65,100.54,114.26,10849200
ALXN,2013-07-15,115,115.15,107.39,107.93,4661500
ALXN,2013-07-16,108.38,108.85,106.36,107.04,2103500
ALXN,2013-07-17,107.13,110.19,106.74,108.69,1777200
ALXN,2013-07-18,108.9,112.12,108.55,111.58,2019700
ALXN,2013-07-19,113.58,113.58,111.39,112.17,2219900
ALXN,2013-07-22,113.5,113.88,110.21,112.8,1718200
ALXN,2013-07-23,112.75,113.03,109.23,109.42,1175100
ALXN,2013-07-24,109.5,111.5,108.9,109.76,1463700
ALXN,2013-07-25,107.87,110.88,105.32,107.56,2636800
ALXN,2013-07-26,107.88,112.61,107.49,112.5,2226900
ALXN,2013-07-29,110.7,111.5,109.49,110.05,1529400
ALXN,2013-07-30,110.86,121.47,108.97,117.08,5469100
ALXN,2013-07-31,115.64,117.36,114.66,116.19,1672000
ALXN,2013-08-01,117.55,118.4,116.44,117.21,1235000
ALXN,2013-08-02,117,117.31,114.63,117.28,1286600
ALXN,2013-08-05,116.87,117.9,116.07,117.17,703300
ALXN,2013-08-06,116.06,116.46,113.88,114.37,920900
ALXN,2013-08-07,114.32,115.92,113.11,114.65,944800
ALXN,2013-08-08,114.93,115.25,112.74,114.13,678600
ALXN,2013-08-09,114.78,115.85,113.52,114.09,579000
ALXN,2013-08-12,112.07,112.07,108.25,109.26,1288800
ALXN,2013-08-13,109.74,110.34,108.06,110.12,799800
ALXN,2013-08-14,110.2,111.23,109.43,109.69,589800
ALXN,2013-08-15,108.87,109,105.79,106.15,908000
ALXN,2013-08-16,105.45,106.29,104.25,105,1121200
ALXN,2013-08-19,104.52,106.02,104.25,104.43,598400
ALXN,2013-08-20,103.02,106.21,103.02,105.1,754800
ALXN,2013-08-21,104.47,106.9,104.04,105.32,620900
ALXN,2013-08-22,105.08,106.95,104.31,106.77,429800
ALXN,2013-08-23,107,107,104.84,105.46,929100
ALXN,2013-08-26,106.01,109.3,105.68,107.19,748300
ALXN,2013-08-27,106.16,106.59,105,105.7,613900
ALXN,2013-08-28,105.97,107.83,104.95,107.56,665900
ALXN,2013-08-29,107.31,109.98,107.05,109.3,755800
ALXN,2013-08-30,109.67,109.99,107.29,107.76,508100
ALXN,2013-09-03,109.34,111.18,108.27,110.17,733100
ALXN,2013-09-04,110.65,113.57,109.58,112.65,945300
ALXN,2013-09-05,112.65,113.23,111.52,112.49,433900
ALXN,2013-09-06,113.05,113.05,109.45,111.56,551800
ALXN,2013-09-09,111.84,113.05,111.38,112.78,581700
ALXN,2013-09-10,112.92,113.86,111.49,113.62,1064600
ALXN,2013-09-11,113.91,114.79,109.75,114.74,1478500
ALXN,2013-09-12,114.71,114.74,113.42,114.21,500500
ALXN,2013-09-13,114.33,114.57,113.52,114.14,591900
ALXN,2013-09-16,115,115.45,113.24,113.74,524800
ALXN,2013-09-17,113.83,114.94,113.01,114.24,418400
ALXN,2013-09-18,114.2,116.74,112.54,115.93,837100
ALXN,2013-09-19,116.07,116.24,112.57,114.03,1064100
ALXN,2013-09-20,114.22,115.58,113.47,113.65,1463000
ALXN,2013-09-23,113.94,114.37,112.28,112.5,890900
ALXN,2013-09-24,112.54,114.44,112,113.59,775300
ALXN,2013-09-25,113.85,115.19,112.83,113.05,663200
ALXN,2013-09-26,113.63,116.01,113.32,115.97,1084500
ALXN,2013-09-27,114.84,116.91,114.4,116.42,743200
ALXN,2013-09-30,115.32,116.31,114.5,116.16,1277600
ALXN,2013-10-01,116.8,118.29,115.06,117.39,1060000
ALXN,2013-10-02,117.09,117.74,115.79,116.75,703300
ALXN,2013-10-03,116.24,116.44,112.72,114.22,895200
ALXN,2013-10-04,113.85,116.72,113.37,116.44,890500
ALXN,2013-10-07,115,115.77,114.34,114.49,592100
ALXN,2013-10-08,114.24,114.38,108.35,108.47,1230800
ALXN,2013-10-09,108.71,109.23,104.42,105.48,1480400
ALXN,2013-10-10,106.94,109.08,106.25,108.67,744900
ALXN,2013-10-11,108,109.75,107.57,108.81,699600
ALXN,2013-10-14,107.91,108.02,105.74,107.01,962700
ALXN,2013-10-15,106.84,109.13,106.53,108.24,901900
ALXN,2013-10-16,109.27,111.7,108.75,110.96,923200
ALXN,2013-10-17,110.75,110.92,109.47,110.79,937900
ALXN,2013-10-18,111.04,111.04,108.25,108.43,1033000
ALXN,2013-10-21,108.45,108.97,105.52,105.88,956200
ALXN,2013-10-22,106.27,108.02,100.89,107.72,902100
ALXN,2013-10-23,107.39,110.07,106.82,109.66,1092400
ALXN,2013-10-24,111.22,117,110.67,116.7,2090800
ALXN,2013-10-25,118.1,125.26,117.76,125.17,2626500
ALXN,2013-10-28,123.93,124.78,121.5,124.2,1688500
ALXN,2013-10-29,124.24,124.44,122,124.08,789500
ALXN,2013-10-30,124.2,126.39,123.65,125.5,1290100
ALXN,2013-10-31,125,125.67,122.94,122.95,1253700
ALXN,2013-11-01,124.06,124.5,122.23,123.36,905400
ALXN,2013-11-04,123.76,124.73,122.15,122.93,916600
ALXN,2013-11-05,122.61,122.77,117.76,119.54,1435000
ALXN,2013-11-06,120,120.24,116.23,116.32,978600
ALXN,2013-11-07,117,118.32,113.92,114.1,1456000
ALXN,2013-11-08,114.54,118.56,114.54,117.43,1054000
ALXN,2013-11-11,118.2,118.4,114.62,116.17,871800
ALXN,2013-11-12,115.54,116.26,113.14,115.72,974300
ALXN,2013-11-13,115.45,116.65,114,116.6,815900
ALXN,2013-11-14,116.94,120.11,116.35,119.97,1222300
ALXN,2013-11-15,119.85,124.08,118.49,124.07,1768900
ALXN,2013-11-18,124.52,124.69,120.38,120.97,861900
ALXN,2013-11-19,120.36,121.14,117.33,118.45,885400
ALXN,2013-11-20,118.99,121.68,117.74,119.06,779500
ALXN,2013-11-21,119.69,122.04,119.69,121.3,709200
ALXN,2013-11-22,121.97,123.29,120.43,122.79,1013600
ALXN,2013-11-25,123.66,123.93,121.35,122.17,696400
ALXN,2013-11-26,122.26,122.87,120.22,121.9,639300
ALXN,2013-11-27,122.99,123.19,120.2,121.24,484400
ALXN,2013-11-29,121.67,124.8,121.12,124.5,622300
ALXN,2013-12-02,124.58,124.8,122.22,123.8,740000
ALXN,2013-12-03,122.42,122.82,120.87,122.16,838900
ALXN,2013-12-04,121.04,123.18,120.14,122.65,875000
ALXN,2013-12-05,122.19,123.08,121.07,122.17,831200
ALXN,2013-12-06,124.1,129.22,122.23,125.45,1023000
ALXN,2013-12-09,127.14,128.09,125.24,125.84,1598400
ALXN,2013-12-10,125.64,126.84,123.31,125.25,1128800
ALXN,2013-12-11,124.55,125.48,121.37,121.6,1208000
ALXN,2013-12-12,120.99,123.42,120.87,122.35,1038900
ALXN,2013-12-13,124.33,124.62,122.1,123.69,1341800
ALXN,2013-12-16,124.14,125.38,122.02,123.78,992400
ALXN,2013-12-17,123.31,124.12,121.44,123.06,1342500
ALXN,2013-12-18,123.51,128.9,122.69,128.65,1987200
ALXN,2013-12-19,129.24,131.11,126.08,130.75,1523200
ALXN,2013-12-20,131.48,131.68,128.52,130.64,2245600
ALXN,2013-12-23,131.38,132.43,130.12,130.9,902200
ALXN,2013-12-24,130.81,131.99,129.47,131.06,319700
ALXN,2013-12-26,132,133.75,130.01,132.91,531000
ALXN,2013-12-27,133.47,133.47,131.01,131.57,652600
ALXN,2013-12-30,131.72,133.04,130.15,132.7,685100
ALXN,2013-12-31,133.06,133.48,131.22,132.88,455600
ALXN,2014-01-02,132.46,133.82,130.54,133.44,760100
ALXN,2014-01-03,133,134.27,131.65,131.72,683900
ALXN,2014-01-06,131.66,132,127.7,129.86,1088000
ALXN,2014-01-07,130.51,133.42,128.51,133.17,1456100
ALXN,2014-01-08,133.67,135.18,131.69,134,957600
ALXN,2014-01-09,134.54,135.46,132.22,134.07,992600
ALXN,2014-01-10,135.51,135.53,132.87,135.21,991000
ALXN,2014-01-13,135.59,136.43,128.85,130.61,1354100
ALXN,2014-01-14,131.07,137.76,130.91,137.66,1467600
ALXN,2014-01-15,137.73,138.32,133.99,137.03,1025800
ALXN,2014-01-16,137.04,139.88,136.87,139.81,936600
ALXN,2014-01-17,139,140.98,136.88,139.71,1535200
ALXN,2014-01-21,141.29,142.69,139.16,142.58,1224800
ALXN,2014-01-22,140.64,142.98,140.12,140.75,1263200
ALXN,2014-01-23,139.35,141.23,136.33,137.94,1137500
ALXN,2014-01-24,136.43,139.02,133.48,133.64,1327400
ALXN,2014-01-27,133.38,135.07,126.76,129.82,1911500
ALXN,2014-01-28,129.14,133.39,128.89,133.01,1146200
ALXN,2014-01-29,131.51,135.21,129.8,133.73,1411400
ALXN,2014-01-30,155.06,169.98,154,162,5802000
ALXN,2014-01-31,155.88,161.87,155.88,158.73,3063800
ALXN,2014-02-03,158.38,159.36,153.48,154.67,2086500
ALXN,2014-02-04,153.63,158.23,150.7,156.21,2120500
ALXN,2014-02-05,157.4,157.67,152.22,154.49,1416800
ALXN,2014-02-06,154.33,157.59,153.72,157.4,1249200
ALXN,2014-02-07,157.88,164.29,155.48,163.63,1951700
ALXN,2014-02-10,165,171.09,164.07,170.11,2359100
ALXN,2014-02-11,170.75,174.78,168.21,174.43,2365700
ALXN,2014-02-12,174.76,176,173.5,175.86,1937500
ALXN,2014-02-13,174.23,180.34,173.2,180,1608800
ALXN,2014-02-14,181,183.32,178.08,180.55,1611800
ALXN,2014-02-18,183.43,184.73,179.29,181.06,1734400
ALXN,2014-02-19,181.73,183.88,178.51,180.41,1174400
ALXN,2014-02-20,180.5,180.99,176,179.06,2073100
ALXN,2014-02-21,178.49,184.22,176.11,181.52,1353900
ALXN,2014-02-24,185.06,185.06,181.56,183.55,1294000
ALXN,2014-02-25,183.99,185.43,181,182.63,1021200
ALXN,2014-02-26,183.96,185.19,181.16,182.57,929100
ALXN,2014-02-27,182.27,184.84,181.65,183.89,781900
ALXN,2014-02-28,184.45,184.45,173.07,176.8,1802400
ALXN,2014-03-03,174.77,177.51,171.47,172.43,1781100
ALXN,2014-03-04,176.49,176.77,170.89,173.44,1996600
ALXN,2014-03-05,173.05,174.25,170.56,171,1890100
ALXN,2014-03-06,173.27,173.99,167.24,168.55,2113100
ALXN,2014-03-07,169.86,170.1,163.77,168.05,2116400
ALXN,2014-03-10,171.98,180.82,170.83,180,2597200
ALXN,2014-03-11,179.77,180.2,175.06,175.95,1492900
ALXN,2014-03-12,174.69,179.1,173.22,177.9,1317400
ALXN,2014-03-13,178.73,179.23,173.4,175.17,1467000
ALXN,2014-03-14,173.36,177.85,172.26,175.28,1100900
ALXN,2014-03-17,177.5,179.18,176.11,177.99,1501700
ALXN,2014-03-18,178.51,181.5,177.99,180.94,1079200
ALXN,2014-03-19,180.85,181.58,174.75,175.92,1366500
ALXN,2014-03-20,175.71,175.74,172.28,173.66,1041400
ALXN,2014-03-21,174.85,177.07,157.76,159.79,6734200
ALXN,2014-03-24,159.67,159.88,145.64,149.76,4549600
ALXN,2014-03-25,149.77,156.68,148.4,153.08,2489200
ALXN,2014-03-26,154.74,158,150.07,150.55,2290300
ALXN,2014-03-27,151.79,153.52,146.1,151.1,2106600
ALXN,2014-03-28,152.18,155.76,149.34,149.42,2331300
ALXN,2014-03-31,150.54,152.66,148.81,152.13,1708600
ALXN,2014-04-01,153.16,161.5,151.86,155.35,1781500
ALXN,2014-04-02,156.52,158.52,152.79,154.51,1373700
ALXN,2014-04-03,153.09,155.08,148.3,151.46,1864300
ALXN,2014-04-04,153.12,153.9,139.52,142.5,2807700
ALXN,2014-04-07,141.2,148.57,139.65,145.66,1922000
ALXN,2014-04-08,146.52,149.17,143.37,147.66,2032600
ALXN,2014-04-09,148.25,156.31,147.35,155.86,1909000
ALXN,2014-04-10,154.23,155.24,142.31,144.19,3058800
ALXN,2014-04-11,141.95,147.5,138.73,139.61,2465100
ALXN,2014-04-14,141.21,145.46,139.06,141.97,1644200
ALXN,2014-04-15,142.66,146.37,136.37,145.42,2178700
ALXN,2014-04-16,146.67,150.79,145.24,149.05,1455400
ALXN,2014-04-17,149.27,154.11,147.3,149.8,2298900
ALXN,2014-04-21,150.25,152.61,147.78,152.19,1062500
ALXN,2014-04-22,153.05,159.41,152.5,156.1,1415100
ALXN,2014-04-23,155.97,156.98,150.21,152.23,1353800
ALXN,2014-04-24,158.35,163.5,150.1,156.01,3373800
ALXN,2014-04-25,156,157.98,152.07,153.19,1997200
ALXN,2014-04-28,152.7,155.52,148.39,151.64,2829100
ALXN,2014-04-29,153.06,157.81,150.07,157.32,1367400
ALXN,2014-04-30,159.64,159.65,156.01,158.2,1474800
ALXN,2014-05-01,157.56,162.92,156.29,159.8,1314000
ALXN,2014-05-02,159.93,161.08,153.53,155.12,1783700
ALXN,2014-05-05,153.54,160.5,153.28,159.7,889200
ALXN,2014-05-06,157.68,158.87,154.83,155.66,1055100
ALXN,2014-05-07,156.93,158.46,151.02,153.68,1154300
ALXN,2014-05-08,153.04,157.07,150.68,151.05,1043100
ALXN,2014-05-09,151.71,154.32,147.81,152.87,1103100
ALXN,2014-05-12,153.14,161.52,153.14,161.1,1281900
ALXN,2014-05-13,160.99,164.71,159.95,161.5,1359900
ALXN,2014-05-14,160.85,163.98,158.86,159.72,873900
ALXN,2014-05-15,159.28,159.65,154,157.71,1175000
ALXN,2014-05-16,157.87,158.6,155.49,157.93,1071500
ALXN,2014-05-19,156.79,159.5,155.74,158.42,583100
ALXN,2014-05-20,158.96,159.13,154.45,155.85,971800
ALXN,2014-05-21,156.68,157.69,155.04,156.6,573400
ALXN,2014-05-22,156.53,164.5,156.53,160.48,1292700
ALXN,2014-05-23,160.91,163,158.03,162.3,898600
ALXN,2014-05-27,163.59,168.25,163.32,168.2,1306700
ALXN,2014-05-28,168.49,168.88,165.64,167.65,989900
ALXN,2014-05-29,168.12,171.03,166.2,167.52,1108400
ALXN,2014-05-30,168.02,168.32,163.95,166.32,981400
ALXN,2014-06-02,164.99,167.49,163.75,167.05,745800
ALXN,2014-06-03,166.2,168.56,165.63,168.22,809500
ALXN,2014-06-04,168.12,170.45,166.61,169.59,1233400
ALXN,2014-06-05,169.85,170.35,165.76,169.5,945400
ALXN,2014-06-06,172.45,172.5,167.17,170.2,659800
ALXN,2014-06-09,170.02,170.3,166.8,167.81,801200
ALXN,2014-06-10,167.09,169.19,165.16,166.9,829200
ALXN,2014-06-11,165.7,168.21,164.15,167.46,982900
ALXN,2014-06-12,167.23,168.97,165.18,165.97,806800
ALXN,2014-06-13,166.1,166.68,162.63,163.73,1032100
ALXN,2014-06-16,163.93,166.16,161.66,162.82,1032100
ALXN,2014-06-17,162.56,163.74,160.05,160.15,1009100
ALXN,2014-06-18,159.86,161.58,157.59,160.43,1258700
ALXN,2014-06-19,160.91,160.92,157.8,159.69,968700
ALXN,2014-06-20,160.49,166.51,159.3,165.46,1975900
ALXN,2014-06-23,166.22,166.22,161.51,161.66,968400
ALXN,2014-06-24,161,163.21,158.21,158.79,1279700
ALXN,2014-06-25,159,161.58,156,159.13,1603500
ALXN,2014-06-26,160.01,160.38,157.09,160.14,1296600
ALXN,2014-06-27,159.52,160.95,156.02,157.6,3871600
ALXN,2014-06-30,157.59,159.12,154.78,156.25,1813100
ALXN,2014-07-01,157.81,163.18,157.06,162.79,1559800
ALXN,2014-07-02,162.12,164.99,159.71,164.22,1147600
ALXN,2014-07-03,164.79,165.96,162.49,164.21,719000
ALXN,2014-07-07,164.39,164.92,160.05,160.66,766100
ALXN,2014-07-08,159.98,160.99,157,159.08,1285300
ALXN,2014-07-09,159.66,164.95,155.56,164.52,1505900
ALXN,2014-07-10,161.62,163.44,160,162.89,1208300
ALXN,2014-07-11,162.75,163.75,160.89,163.21,724200
ALXN,2014-07-14,164.32,165.42,162.6,163.76,780200
ALXN,2014-07-15,164.33,164.66,160.26,160.32,1215400
ALXN,2014-07-16,161.13,162.24,157.47,158.77,1175300
ALXN,2014-07-17,157.66,158.94,154.38,155.06,1557100
ALXN,2014-07-18,156.46,161.74,155.8,161.25,1083700
ALXN,2014-07-21,160.17,163.92,158.59,163.37,1048500
ALXN,2014-07-22,164.26,168.41,164.26,167.97,1588600
ALXN,2014-07-23,168.65,173.49,168.23,173.08,1753200
ALXN,2014-07-24,171.43,173.7,163.02,167.48,2882500
ALXN,2014-07-25,166.64,168.42,164.57,167.04,1176700
ALXN,2014-07-28,167.2,167.2,160.38,162.74,1632100
ALXN,2014-07-29,164.12,165.02,161.7,163.78,1172800
ALXN,2014-07-30,165.65,167.76,162.66,163.68,936100
ALXN,2014-07-31,161.03,163.49,158.35,158.99,1445600
ALXN,2014-08-01,158.62,161.11,156.21,159.12,1160300
ALXN,2014-08-04,159.35,160.57,157.22,158.87,1026500
ALXN,2014-08-05,156.98,159.75,154.56,156.46,1300800
ALXN,2014-08-06,155.91,159.57,154.73,158.71,781100
ALXN,2014-08-07,159.05,159.43,155.37,155.96,1131400
ALXN,2014-08-08,156.77,159.6,155.55,159.11,678200
ALXN,2014-08-11,160.04,162.18,158.24,161.78,969000
ALXN,2014-08-12,160.99,161.39,159.23,160.62,861600
ALXN,2014-08-13,161.56,164.36,160.4,164.01,783000
ALXN,2014-08-14,164.29,169.02,164.29,168.9,1158800
ALXN,2014-08-15,169.5,171.44,167.24,171.3,1608900
ALXN,2014-08-18,173,173.25,169.28,170.24,1177200
ALXN,2014-08-19,170.67,170.98,168.7,169.76,693400
ALXN,2014-08-20,168.45,169.91,167.55,168.74,743900
ALXN,2014-08-21,169.73,170.45,166.02,166.47,820600
ALXN,2014-08-22,167.37,168.98,164.62,168.22,734200
ALXN,2014-08-25,169.81,171.71,169.07,170.56,968200
ALXN,2014-08-26,170.39,172.96,169.42,172.27,763100
ALXN,2014-08-27,172.33,172.72,168.76,169.17,837700
ALXN,2014-08-28,168.59,169.55,167.14,168.31,578900
ALXN,2014-08-29,169.58,169.8,167.18,169.29,703500
ALXN,2014-09-02,169.44,170.45,168.42,169.14,839700
ALXN,2014-09-03,170.44,171.35,169.24,169.96,797600
ALXN,2014-09-04,170.87,171.16,164.79,165.64,938600
ALXN,2014-09-05,165.79,165.93,161.3,165.3,1075700
ALXN,2014-09-08,164.7,165.64,162.89,164.16,935700
ALXN,2014-09-09,163.1,163.87,160.5,161.37,1056700
ALXN,2014-09-10,161.02,165.74,161,165.65,947300
ALXN,2014-09-11,164.87,167.11,164.41,166.95,917500
ALXN,2014-09-12,166.59,166.94,161.8,162.72,879300
ALXN,2014-09-15,162.02,162.02,157.3,160.42,1145700
ALXN,2014-09-16,160.03,164.06,159.11,163.41,928800
ALXN,2014-09-17,164.31,164.62,160.51,161.53,968100
ALXN,2014-09-18,161.83,163.32,160.45,161.56,674000
ALXN,2014-09-19,162.8,163.5,159.28,161.44,3092000
ALXN,2014-09-22,162.19,162.45,157.44,159.59,830000
ALXN,2014-09-23,159.4,161.47,158.58,158.67,884900
ALXN,2014-09-24,158.67,168.98,158.67,168.7,1613800
ALXN,2014-09-25,167.6,168.61,164.56,165.86,1394500
ALXN,2014-09-26,165.98,168.34,164.22,167.65,1071100
ALXN,2014-09-29,165.76,168.48,164.58,167.95,929900
ALXN,2014-09-30,168,168.28,164.41,165.82,1285700
ALXN,2014-10-01,166.71,167.67,164.94,167.2,1248000
ALXN,2014-10-02,167.23,169.49,164.68,167.86,1051300
ALXN,2014-10-03,169.51,178.6,168.49,177.98,2276500
ALXN,2014-10-06,178.73,179.59,173.02,173.66,1289000
ALXN,2014-10-07,172.52,172.99,167.93,167.96,1224400
ALXN,2014-10-08,166.37,177.38,165.91,176.42,1301000
ALXN,2014-10-09,175.41,175.79,169.75,170.3,1372700
ALXN,2014-10-10,170.65,173.58,167.75,167.8,1211400
ALXN,2014-10-13,167.67,168.21,161.11,162.77,1524800
ALXN,2014-10-14,163.74,166.17,159.23,159.46,1437700
ALXN,2014-10-15,157.82,161.7,155.48,160.73,1827200
ALXN,2014-10-16,155.5,166.25,155.01,163.25,1796100
ALXN,2014-10-17,164.85,168.96,164.03,164.75,1546000
ALXN,2014-10-20,164.49,169.58,164.27,168.2,1179600
ALXN,2014-10-21,169.88,174.5,167.97,174.48,1271700
ALXN,2014-10-22,175.09,175.09,170.22,173.27,1420100
ALXN,2014-10-23,179.74,186.47,177.72,185.92,2389000
ALXN,2014-10-24,185.01,190.85,185.01,190.29,1812700
ALXN,2014-10-27,189.74,191,187.32,190.55,1217800
ALXN,2014-10-28,192.65,193.9,190.58,192.2,1060100
ALXN,2014-10-29,192.21,193.39,187.85,190.49,987200
ALXN,2014-10-30,190.21,194.2,189.15,192.93,1146300
ALXN,2014-10-31,196.13,197.23,190.3,191.36,1237800
ALXN,2014-11-03,192.01,193.75,189.5,191.04,914800
ALXN,2014-11-04,191.4,193.19,189.26,191.3,612200
ALXN,2014-11-05,193.01,197.64,188.54,189.89,1053200
ALXN,2014-11-06,191.42,195.95,190.53,193.14,1380900
ALXN,2014-11-07,194.49,195.26,190.65,193.81,695500
ALXN,2014-11-10,194.55,195.84,191.34,195.8,754800
ALXN,2014-11-11,195.32,197,193.26,194.92,762300
ALXN,2014-11-12,194.71,195.21,192.76,193.69,613300
ALXN,2014-11-13,194.3,194.96,191.21,193.59,636800
ALXN,2014-11-14,193.95,193.95,187.06,188.76,974600
ALXN,2014-11-17,188.6,191.34,185.8,186.78,929100
ALXN,2014-11-18,187.25,193.04,187.24,192.37,823500
ALXN,2014-11-19,190.37,194.26,189.37,191.96,633900
ALXN,2014-11-20,190.9,193.23,189.45,192.55,554200
ALXN,2014-11-21,194.98,195.87,190.29,191.02,1086500
ALXN,2014-11-24,192.55,195.01,192.31,194.15,810200
ALXN,2014-11-25,194.08,194.18,191.5,192.77,659800
ALXN,2014-11-26,193.28,194.99,191.52,194.72,704400
ALXN,2014-11-28,195.58,196.49,193.51,194.9,576600
ALXN,2014-12-01,195.17,195.68,191.13,192.51,826700
ALXN,2014-12-02,193.07,202.04,193.07,200.79,1829600
ALXN,2014-12-03,201.25,203.3,194.62,198.88,1128500
ALXN,2014-12-04,196.25,199.97,195.55,197.66,512800
ALXN,2014-12-05,197.74,198.88,195.58,198.61,627900
ALXN,2014-12-08,198.02,200.85,196.03,197.13,993800
ALXN,2014-12-09,194.57,200.06,192,199.77,1027400
ALXN,2014-12-10,197.14,198.71,191,191.44,1480900
ALXN,2014-12-11,194.06,197.32,190.16,191.62,1038400
ALXN,2014-12-12,188.29,191.96,186.58,186.9,1041000
ALXN,2014-12-15,188.06,190.22,183.02,183.21,1375900
ALXN,2014-12-16,181.36,184.44,177.16,177.73,1930900
ALXN,2014-12-17,178.78,182.82,176.01,182.08,1953600
ALXN,2014-12-18,184.03,189.01,184,188.96,1291500
ALXN,2014-12-19,189.04,191.56,187.68,189.53,2088200
ALXN,2014-12-22,189.33,189.97,184.86,188.15,945600
ALXN,2014-12-23,189.24,189.89,176.61,178.87,2353900
ALXN,2014-12-24,179.35,185.78,179.34,181.96,433700
ALXN,2014-12-26,182.8,187.84,182.23,187.49,645500
ALXN,2014-12-29,188.28,189.43,185.93,188.71,862900
ALXN,2014-12-30,187.04,188.24,184.35,184.94,678800
ALXN,2014-12-31,185.81,188.12,184.45,185.03,1569800
ALXN,2015-01-02,186.64,189.41,184.88,186.6,690800
ALXN,2015-01-05,181.3,185.32,180.01,182.17,1511800
ALXN,2015-01-06,183.66,186.46,177.21,177.95,1411600
ALXN,2015-01-07,181.26,188.61,180.01,187.93,1643900
ALXN,2015-01-08,183.34,188.5,183.02,183.8,1980400
ALXN,2015-01-09,181.67,184.59,179.54,184.27,1345000
ALXN,2015-01-12,185.32,186.96,182.78,183.36,752900
ALXN,2015-01-13,185.96,186.14,177.06,179.21,1598600
ALXN,2015-01-14,177.85,179,174.63,175.4,1462800
ALXN,2015-01-15,176.22,177.83,171.68,172.87,1680500
ALXN,2015-01-16,172.49,180.88,172.27,180.44,1791700
ALXN,2015-01-20,181.77,183.25,177.95,183.06,1561000
ALXN,2015-01-21,181.96,183.18,178.47,179.26,1076000
ALXN,2015-01-22,180.58,181.92,174.57,180.32,1205900
ALXN,2015-01-23,180.53,183.37,180.26,183.32,1139100
ALXN,2015-01-26,182.96,183.86,182.01,182.76,799900
ALXN,2015-01-27,179.7,182.78,178.79,180.36,783100
ALXN,2015-01-28,181.42,183.02,177.38,177.78,1570000
ALXN,2015-01-29,172.58,189.03,172.35,188.05,3015200
ALXN,2015-01-30,186.81,189.72,181.67,183.24,2144000
ALXN,2015-02-02,184.01,184.99,175.66,178.17,1935600
ALXN,2015-02-03,178.67,179.28,173.3,177.51,1428200
ALXN,2015-02-04,174.38,180.24,171.08,178.29,1616500
ALXN,2015-02-05,178.96,181.38,176.35,178.17,1339400
ALXN,2015-02-06,178.78,180.44,174.8,175.63,1199500
ALXN,2015-02-09,178.09,178.09,171.24,171.42,1188000
ALXN,2015-02-10,171.2,177.37,171.11,176.39,1334900
ALXN,2015-02-11,176.48,178.33,171.92,173.5,1220200
ALXN,2015-02-12,175.35,176.36,172.55,176.27,1173900
ALXN,2015-02-13,176.87,182.42,175.94,182.29,1286200
ALXN,2015-02-17,181.93,181.93,178.32,178.97,1055700
ALXN,2015-02-18,178.46,180.72,178.02,180.29,713900
ALXN,2015-02-19,180.04,182.98,179.92,182.28,723000
ALXN,2015-02-20,182.63,186.3,180.1,186.02,1054400
ALXN,2015-02-23,186,188.35,182.59,184.14,767700
ALXN,2015-02-24,184.3,184.3,180.01,182.29,847400
ALXN,2015-02-25,182.33,186.7,180.16,184.9,922400
ALXN,2015-02-26,185.7,186,181,183.11,757500
ALXN,2015-02-27,183.88,183.99,179.44,180.37,944700
ALXN,2015-03-02,180.34,184.73,180.09,184.62,970900
ALXN,2015-03-03,184.01,184.6,178.65,182.51,957400
ALXN,2015-03-04,180.26,183.76,179.25,182.53,716500
ALXN,2015-03-05,182.81,186.89,182.78,185.79,1085200
ALXN,2015-03-06,184.61,184.61,180.51,181.65,1001600
ALXN,2015-03-09,182.28,184.99,180.81,184.91,897600
ALXN,2015-03-10,183.48,184.18,180.37,181.28,1498100
ALXN,2015-03-11,181.29,181.75,177.38,178.81,1171900
ALXN,2015-03-12,180,180.2,176.27,178,1021300
ALXN,2015-03-13,176.98,181.97,174.93,176.89,1377300
ALXN,2015-03-16,178.4,180.58,177.12,178.5,1539300
ALXN,2015-03-17,178.09,184.75,176.76,184.12,1576000
ALXN,2015-03-18,183.92,189.06,182.04,188.16,1426700
ALXN,2015-03-19,189.04,189.97,187.02,189.07,1168900
ALXN,2015-03-20,191.48,193.27,186.58,187.71,3077100
ALXN,2015-03-23,186.52,187.62,182.52,185.44,992900
ALXN,2015-03-24,184.99,188.98,183.07,183.44,815900
ALXN,2015-03-25,183.54,185.8,175.46,175.63,1399600
ALXN,2015-03-26,174.08,178.14,171.53,176.04,1593300
ALXN,2015-03-27,175.62,183,175.43,180.59,1450600
ALXN,2015-03-30,182.78,183.73,178.31,180.26,1180200
ALXN,2015-03-31,180,180,173.12,173.3,1824100
ALXN,2015-04-01,173.12,173.12,167.45,169.5,2865900
ALXN,2015-04-02,169.15,170.81,166.72,169.94,1178500
ALXN,2015-04-06,168.49,172.1,167.55,170.63,1014500
ALXN,2015-04-07,171.19,177.96,170.78,176,1348400
ALXN,2015-04-08,176.06,179.93,174.36,178.24,1336000
ALXN,2015-04-09,178.33,180,174.52,177.37,908000
ALXN,2015-04-10,178.08,182.76,177.45,182.68,1340400
ALXN,2015-04-13,182.47,184.5,182.17,182.9,873500
ALXN,2015-04-14,182.8,185,181.19,182.72,879600
ALXN,2015-04-15,183.74,184.87,181.98,183.83,777200
ALXN,2015-04-16,183.65,185.25,182.29,184.28,611700
ALXN,2015-04-17,182,184.6,179.17,181.34,1063600
ALXN,2015-04-20,181.19,185.98,180.51,185.71,919300
ALXN,2015-04-21,186.39,188.79,184.57,186.78,1313900
ALXN,2015-04-22,187.56,189.18,185.66,188.19,1307600
ALXN,2015-04-23,185.6,186.99,179.18,184.58,2348800
ALXN,2015-04-24,183.04,183.98,179.52,180.08,1644900
ALXN,2015-04-27,181.68,182.35,173.88,174.75,1479900
ALXN,2015-04-28,174.75,176.83,169.46,171.08,1826300
ALXN,2015-04-29,171.47,174.89,170,173.61,1703800
ALXN,2015-04-30,172.99,174.61,167.51,169.23,1407500
ALXN,2015-05-01,170.66,175,170.42,172.5,955100
ALXN,2015-05-04,172.51,174.82,170.65,171.3,1212500
ALXN,2015-05-05,171.16,171.64,167.89,168.55,1477500
ALXN,2015-05-06,159.73,160.99,150.06,155.01,15789500
ALXN,2015-05-07,156.77,163.81,156.65,162.96,7102300
ALXN,2015-05-08,164.09,167.65,161.75,163.02,3714100
ALXN,2015-05-11,163.52,164.41,160.6,161.04,1914400
ALXN,2015-05-12,161.01,162.44,159.01,161.08,1656700
ALXN,2015-05-13,161.18,162.13,158.53,159.41,1909600
ALXN,2015-05-14,160.33,161.96,156.54,161.69,1869900
ALXN,2015-05-15,162.26,163.26,159.78,160.56,1523300
ALXN,2015-05-18,160.35,163.37,159.39,163.16,1727700
ALXN,2015-05-19,162.96,163.93,160.76,161.96,1851900
ALXN,2015-05-20,162.4,165.51,160.79,164.44,1765100
ALXN,2015-05-21,163.9,169.26,162.15,168.57,2653300
ALXN,2015-05-22,167.69,172.65,167.31,171.94,2570600
ALXN,2015-05-26,171.8,171.94,165.07,165.94,2002300
ALXN,2015-05-27,166.84,168.24,164.6,168.12,1605800
ALXN,2015-05-28,167.22,168.05,164.77,166.19,1211400
ALXN,2015-05-29,165.59,166.66,162.27,163.84,1724600
ALXN,2015-06-01,165.3,166,161.77,164.78,1988400
ALXN,2015-06-02,163.12,165,162.5,163.91,1830100
ALXN,2015-06-03,164.65,164.69,160.69,161.53,1657200
ALXN,2015-06-04,160,161.67,158.05,159.06,1616300
ALXN,2015-06-05,159.48,161.27,157.43,160.26,1261900
ALXN,2015-06-08,159.87,161.15,158.34,159.38,1020900
ALXN,2015-06-09,159.07,160.98,157.13,159.04,1309600
ALXN,2015-06-10,160.35,170.38,159.21,169.88,2633800
ALXN,2015-06-11,170,171.02,167.32,168.77,1368700
ALXN,2015-06-12,167.55,172.91,167.22,169.04,1916600
ALXN,2015-06-15,169.95,173.74,168.17,173.22,2390000
ALXN,2015-06-16,172.4,178,172,177.14,2280600
ALXN,2015-06-17,177.45,181.05,176.39,179.81,1974900
ALXN,2015-06-18,180.95,184.89,180.16,184.01,2418400
ALXN,2015-06-19,184.92,186.49,181.72,184.4,7552000
ALXN,2015-06-22,185,188.88,184.95,188.24,2733800
ALXN,2015-06-23,188.21,191,186.63,190.92,2048600
ALXN,2015-06-24,186.14,189.58,184.4,184.98,3454400
ALXN,2015-06-25,184.46,187.6,184,185.9,2486000
ALXN,2015-06-26,186.83,186.96,181.86,184.45,2315500
ALXN,2015-06-29,183.25,183.55,177.38,177.76,2370100
ALXN,2015-06-30,180.5,181.52,175.83,180.77,2956000
ALXN,2015-07-01,182.59,184.63,181,183.86,1516000
ALXN,2015-07-02,184,185.25,183.18,185.22,1501800
ALXN,2015-07-06,183.4,187.53,182.91,186.24,1476700
ALXN,2015-07-07,187.05,188.73,185.01,187.33,1809000
ALXN,2015-07-08,186.65,187.54,184.52,184.66,1361600
ALXN,2015-07-09,187.92,189.24,186.36,188.16,1299300
ALXN,2015-07-10,190,193,187.18,192.53,1697500
ALXN,2015-07-13,193.79,199.25,193.41,199.11,1905700
ALXN,2015-07-14,199.36,205.08,199.36,205,3043700
ALXN,2015-07-15,206.01,208.83,202.8,203.8,2290900
ALXN,2015-07-16,204.67,205.87,202.83,204.26,1595200
ALXN,2015-07-17,204.61,204.98,201.49,204.3,1147800
ALXN,2015-07-20,205.54,206.01,203.35,204.46,857600
ALXN,2015-07-21,203.6,205.83,201.31,204.88,916600
ALXN,2015-07-22,204.4,206.73,204.09,206.16,1041300
ALXN,2015-07-23,206.66,208.88,205.51,207.84,1012000
ALXN,2015-07-24,205.11,205.11,199.92,200.99,1827200
ALXN,2015-07-27,200.53,201.68,196.71,198.1,1671500
ALXN,2015-07-28,200.22,203.68,198.6,203.55,1536100
ALXN,2015-07-29,204.44,205.29,198.46,198.76,2190900
ALXN,2015-07-30,200.41,203.06,189.4,199.29,2578700
ALXN,2015-07-31,200,200,196.32,197.44,1697900
ALXN,2015-08-03,196.88,199,193.52,195.73,1364800
ALXN,2015-08-04,196.52,198.91,195.45,197.15,872500
ALXN,2015-08-05,199.48,200.97,196.77,197.94,649100
ALXN,2015-08-06,197.73,198.23,189.5,189.73,1132600
ALXN,2015-08-07,190.01,190.95,185,189.62,1519500
ALXN,2015-08-10,191.5,193.91,189.7,190.43,810300
ALXN,2015-08-11,189.34,189.92,184.76,186.31,1408800
ALXN,2015-08-12,185.13,191.38,182.3,191.01,1815500
ALXN,2015-08-13,190.09,191.89,188.32,188.83,980400
ALXN,2015-08-14,187.6,188.75,183.77,186.58,882900
ALXN,2015-08-17,186.75,191.52,185.03,191.22,980100
ALXN,2015-08-18,191.2,191.2,186.84,187.42,1106600
ALXN,2015-08-19,185.62,186.43,183.25,184.96,1306300
ALXN,2015-08-20,184.25,186.04,178.24,178.62,1333300
ALXN,2015-08-21,176,180.69,173.74,173.81,2234300
ALXN,2015-08-24,163.66,173.09,156.71,166.85,3579100
ALXN,2015-08-25,171.82,173.66,165.19,165.44,2587100
ALXN,2015-08-26,170.72,173.76,164.83,173.54,1813800
ALXN,2015-08-27,175.32,179.98,174.23,179.82,2027000
ALXN,2015-08-28,178.4,180,176.32,178.86,1477800
ALXN,2015-08-31,178.02,180.26,171.68,172.19,1636400
ALXN,2015-09-01,168.62,174.78,168.08,170.85,2551100
ALXN,2015-09-02,175.32,176.29,170.03,176.24,1839500
ALXN,2015-09-03,177.95,179,173.51,175.28,1537700
ALXN,2015-09-04,170.01,175.76,168.37,171.98,2184100
ALXN,2015-09-08,175.31,177.35,170.58,176.93,1557700
ALXN,2015-09-09,179.55,180.2,171.05,171.76,1137100
ALXN,2015-09-10,169.15,173.75,169.15,171.65,2180300
ALXN,2015-09-11,171.22,172.42,169.32,171.93,1106300
ALXN,2015-09-14,170.56,172.57,165.03,168.8,1956900
ALXN,2015-09-15,169.84,170.12,166.38,169.03,1139300
ALXN,2015-09-16,169.07,170.37,165.12,167.79,1206700
ALXN,2015-09-17,168.6,170,165.17,167.99,2178300
ALXN,2015-09-18,166.11,169.12,165.5,166.58,3989800
ALXN,2015-09-21,167.59,168.25,158.54,160.51,2215300
ALXN,2015-09-22,158.04,159.79,156,159.24,2251000
ALXN,2015-09-23,159.65,160.26,155.17,159.63,1794700
ALXN,2015-09-24,157.87,159.47,152.72,157.05,2090200
ALXN,2015-09-25,159.92,160.68,147.34,149.25,2526000
ALXN,2015-09-28,148.82,149.98,142.02,145.6,2786400
ALXN,2015-09-29,145.63,152.26,142.16,147.75,2981200
ALXN,2015-09-30,150.72,156.59,150.02,156.39,3029500
ALXN,2015-10-01,155.92,158.8,154.03,157.82,1848200
ALXN,2015-10-02,158.54,166.22,156.51,166.07,2750200
ALXN,2015-10-05,167.28,168.19,161.6,163.42,1437300
ALXN,2015-10-06,162.43,163.33,155.05,160,2052800
ALXN,2015-10-07,161.4,166.25,158.94,164.78,2113300
ALXN,2015-10-08,163.91,165.68,156.75,164.31,2190700
ALXN,2015-10-09,164.12,165.46,159.6,161.08,1935800
ALXN,2015-10-12,162.11,162.11,158.37,159.86,1175700
ALXN,2015-10-13,159.08,161.95,152.25,153.25,1711600
ALXN,2015-10-14,153.84,157.16,151.93,152.66,1653400
ALXN,2015-10-15,152.12,161.15,150.69,161.07,2019500
ALXN,2015-10-16,161.96,163.28,158.07,160.72,1407800
ALXN,2015-10-19,160.05,164.82,158.18,162.11,1217500
ALXN,2015-10-20,161.47,162.03,157.5,159.02,1185100
ALXN,2015-10-21,161.09,164.11,155.62,160.31,1669700
ALXN,2015-10-22,160.09,168.39,159.11,166.76,2357900
ALXN,2015-10-23,168.24,172,165.54,171.16,1689500
ALXN,2015-10-26,172.01,172.9,166.63,170.01,1593700
ALXN,2015-10-27,169.19,177.15,168.25,176.59,1677200
ALXN,2015-10-28,176,179,173,177.41,1703100
ALXN,2015-10-29,174.55,179.51,170.12,175.95,2177000
ALXN,2015-10-30,176.36,178.85,173.3,176,1971100
ALXN,2015-11-02,177.24,180.98,176.07,180.76,1518100
ALXN,2015-11-03,179.85,180.76,176.05,177.67,1346300
ALXN,2015-11-04,177.48,179.75,171.13,175.46,1916800
ALXN,2015-11-05,175.54,175.86,170.3,173.44,1080400
ALXN,2015-11-06,172.47,173.61,169.23,172.15,1182100
ALXN,2015-11-09,171.63,173.95,170,172.64,1287600
ALXN,2015-11-10,173.36,174.82,171.6,172.38,1151800
ALXN,2015-11-11,172.9,173.71,169.51,169.54,969300
ALXN,2015-11-12,169.53,170.6,165.98,166.13,1083200
ALXN,2015-11-13,166.17,168.98,164.58,166.44,983300
ALXN,2015-11-16,166.87,170.03,164.62,168.91,1046000
ALXN,2015-11-17,168.76,171.87,167.62,171.21,772600
ALXN,2015-11-18,171.84,176.76,170.52,176.65,966200
ALXN,2015-11-19,176.5,177.63,174.03,174.48,882400
ALXN,2015-11-20,176.53,176.63,172.61,173.59,907500
ALXN,2015-11-23,173.21,177.5,173.01,175.97,961200
ALXN,2015-11-24,174.5,177.99,172.68,177.8,822300
ALXN,2015-11-25,177.88,182.98,177.05,182.24,1156800
ALXN,2015-11-27,182.32,183.1,179.84,182.46,478100
ALXN,2015-11-30,181.99,182.46,178.22,178.44,1367000
ALXN,2015-12-01,179.96,181.47,177.57,180.28,969800
ALXN,2015-12-02,179.74,179.84,175.83,176.58,1128200
ALXN,2015-12-03,176.46,177.35,167.02,168.79,1717900
ALXN,2015-12-04,169.16,175.94,169.1,175.76,1226100
ALXN,2015-12-07,177,183.25,176.63,179.15,1944800
ALXN,2015-12-08,183.82,190.71,180.17,188.72,2652400
ALXN,2015-12-09,186.75,188.61,180.82,183.16,2063400
ALXN,2015-12-10,183.6,189.74,182.19,187.63,1257100
ALXN,2015-12-11,182.65,189.06,182.65,188.06,2508400
ALXN,2015-12-14,187.81,190.99,186,187.79,2041100
ALXN,2015-12-15,188.46,190.77,185.2,186.21,1634200
ALXN,2015-12-16,188.28,189.16,185.02,188.91,1180800
ALXN,2015-12-17,189.72,190.74,185.43,185.79,1366600
ALXN,2015-12-18,184.61,186.67,182.13,182.13,1976800
ALXN,2015-12-21,183.79,185.12,182.09,185.07,763000
ALXN,2015-12-22,186.19,187.39,183.83,187.07,833800
ALXN,2015-12-23,188.82,189.52,186.74,187.39,746200
ALXN,2015-12-24,187.96,190.22,186.99,189.41,335300
ALXN,2015-12-28,188.16,190.34,187.86,189.1,559600
ALXN,2015-12-29,190.09,193.39,189.4,191.88,684200
ALXN,2015-12-30,191.76,192.77,190.05,191.31,700700
ALXN,2015-12-31,190.18,193.45,189.94,190.75,882300
ALXN,2016-01-04,187.01,187.07,182.5,184.68,1637400
ALXN,2016-01-05,185.36,187.59,184,184.9,1042500
ALXN,2016-01-06,183.72,186.92,182.57,184.07,1480700
ALXN,2016-01-07,180.51,181.13,174.37,174.37,1966700
ALXN,2016-01-08,175.01,175.01,167.76,168.13,1754800
ALXN,2016-01-11,169.6,169.6,158.97,161.65,1905500
ALXN,2016-01-12,162.99,167.3,160.57,166.12,1455500
ALXN,2016-01-13,166.61,167,156.74,157.92,1686700
ALXN,2016-01-14,158.39,169.84,155.28,167.29,2684400
ALXN,2016-01-15,156.27,163.77,156.27,158.68,2703900
ALXN,2016-01-19,162.59,163.71,152.23,156.75,2396000
ALXN,2016-01-20,153.9,162.65,149.65,159.89,2958900
ALXN,2016-01-21,159.68,161.35,155.27,155.52,1777800
ALXN,2016-01-22,158.69,159.48,155.38,159.15,1136400
ALXN,2016-01-25,158.65,160.15,154.21,154.54,1282600
ALXN,2016-01-26,155.12,156.29,150.06,152.64,1524800
ALXN,2016-01-27,152.96,157.37,149.23,151.12,2140900
ALXN,2016-01-28,151.96,155,143.03,145.61,2989900
ALXN,2016-01-29,147.68,147.68,141.16,145.93,3158700
ALXN,2016-02-01,144.18,146.8,139.34,143.5,2722400
ALXN,2016-02-02,141.64,143.65,137.05,137.36,2477100
ALXN,2016-02-03,132.5,147.3,130.51,145.97,5597400
ALXN,2016-02-04,143.81,152.41,143.81,146.02,2803800
ALXN,2016-02-05,146.2,146.9,139.13,142.28,2132300
ALXN,2016-02-08,138.02,141.4,136.44,139.15,2146200
ALXN,2016-02-09,136.97,142.07,134,136.46,2559800
ALXN,2016-02-10,138.2,144.43,136.76,138.82,1758500
ALXN,2016-02-11,134.52,137.63,134.25,135.36,1402000
ALXN,2016-02-12,136.91,141.26,134.31,141.11,1595200
ALXN,2016-02-16,143.1,144.55,140.42,142.39,1635500
ALXN,2016-02-17,143.93,149.16,141.79,148.6,2184500
ALXN,2016-02-18,148.52,149.27,142.78,143.15,1734200
ALXN,2016-02-19,142.28,146.13,140.5,145.89,1330100
ALXN,2016-02-22,147.79,148.67,144.5,145.32,1171600
ALXN,2016-02-23,144.22,147.67,141.86,142.06,1500300
ALXN,2016-02-24,140.66,142.55,135.76,141.97,1653800
ALXN,2016-02-25,142.09,144.99,139.03,140.54,1349200
ALXN,2016-02-26,141.4,141.82,137.95,140.16,1433500
ALXN,2016-02-29,138.91,142.81,138.91,140.8,1484700
ALXN,2016-03-01,142.47,151.19,140.11,150.83,2227700
ALXN,2016-03-02,149.55,152.49,149,151.59,1871400
ALXN,2016-03-03,150.75,151.19,145.67,145.85,1328800
ALXN,2016-03-04,146.49,148.23,144.12,144.46,1352900
ALXN,2016-03-07,143.16,150.12,142.2,149.6,1110800
ALXN,2016-03-08,147.15,147.59,140.8,141.03,1955900
ALXN,2016-03-09,141.62,142.89,137.27,140.52,2018800
ALXN,2016-03-10,141.73,141.73,135.01,136.76,1803000
ALXN,2016-03-11,138.22,139.79,136.71,139.27,1695100
ALXN,2016-03-14,139.15,139.15,134.49,134.5,1644600
ALXN,2016-03-15,133.75,134.59,130.52,134.44,2163300
ALXN,2016-03-16,134.44,136.74,129.71,130.84,1499700
ALXN,2016-03-17,130.56,131.59,124.16,127.91,2838900
ALXN,2016-03-18,128.58,129.52,124.77,128.45,2608200
ALXN,2016-03-21,128.38,131.8,128.07,131.06,1500600
ALXN,2016-03-22,129.91,135.92,129.82,135.71,2203600
ALXN,2016-03-23,134.96,136.75,131.25,133.63,2333200
ALXN,2016-03-24,132.88,136.37,130.37,133.19,1222000
ALXN,2016-03-28,133.95,135.2,131.93,132.5,1298400
ALXN,2016-03-29,131.61,134.74,129.61,134.54,1172700
ALXN,2016-03-30,135.88,138.07,133.81,134.82,1263200
ALXN,2016-03-31,135.32,140.41,134.3,139.22,1831200
ALXN,2016-04-01,135.87,143.2,135.87,142.94,2023500
ALXN,2016-04-04,143.48,148.74,143.09,147.1,1995900
ALXN,2016-04-05,145.98,149.71,145.21,148.03,1718900
ALXN,2016-04-06,148.29,157.19,148.29,157.02,2117700
ALXN,2016-04-07,154.97,156.48,147.67,148.03,2081000
ALXN,2016-04-08,150,150.62,145.79,148.89,1542700
ALXN,2016-04-11,150,150.98,146.93,147.88,1296000
ALXN,2016-04-12,148.49,153.91,147.87,153.55,1461000
ALXN,2016-04-13,154.59,155.83,151.13,152.88,1622300
ALXN,2016-04-14,153.55,155.99,152.02,154.75,984700
ALXN,2016-04-15,155.13,155.29,151.65,153.09,1569000
ALXN,2016-04-18,153.76,157.71,152.43,155.71,989200
ALXN,2016-04-19,155.93,156.84,153.66,155.44,779100
ALXN,2016-04-20,156.24,158.12,154.92,157.04,822500
ALXN,2016-04-21,157.07,161.64,156.78,161.38,1197900
ALXN,2016-04-22,161.04,162,157.36,159.1,1216600
ALXN,2016-04-25,158.86,159.93,156.73,158.02,849000
ALXN,2016-04-26,158.08,158.08,151.96,154.01,1458500
ALXN,2016-04-27,154.47,155.48,150.75,150.78,1865500
ALXN,2016-04-28,142.99,146.48,139.12,142.53,3278600
ALXN,2016-04-29,141.88,142.3,137.4,139.28,2051500
ALXN,2016-05-02,140.07,140.78,138.5,140.53,1365400
ALXN,2016-05-03,141.71,147.79,141,144.37,2259300
ALXN,2016-05-04,143.7,144.46,140.87,141.41,1284400
ALXN,2016-05-05,142.16,143.74,140.36,142.58,1005500
ALXN,2016-05-06,141.32,143.52,139.67,140.99,933200
ALXN,2016-05-09,141.59,145.32,141.49,143.52,951400
ALXN,2016-05-10,144.75,145.7,141.52,145.48,912000
ALXN,2016-05-11,145.72,146.44,138.69,138.86,1122300
ALXN,2016-05-12,139.58,140.46,136.68,139.11,1167000
ALXN,2016-05-13,138.65,140.27,138,139.74,1138900
ALXN,2016-05-16,139.19,144.88,138.64,144.57,1305400
ALXN,2016-05-17,143.81,144.39,139.38,139.96,1549700
ALXN,2016-05-18,139.7,142.45,139.57,142.33,1249800
ALXN,2016-05-19,140.9,142.3,137.64,139.03,1304200
ALXN,2016-05-20,139.29,143,139.22,142.52,975500
ALXN,2016-05-23,142.42,144.5,141.73,142.51,981800
ALXN,2016-05-24,143.93,146.93,142.53,146.67,1169400
ALXN,2016-05-25,146.73,150,146.71,149.61,1395900
ALXN,2016-05-26,148.97,149.7,147.02,148.17,920300
ALXN,2016-05-27,148.2,150.65,146.55,150.42,1094200
ALXN,2016-05-31,151.07,153.44,149.8,150.9,1121700
ALXN,2016-06-01,150.87,153.61,149.89,152.7,978200
ALXN,2016-06-02,152.69,157.02,152.69,156.77,1570400
ALXN,2016-06-03,156,156.25,150.6,153.89,1480500
ALXN,2016-06-06,154.02,155.78,152.14,154.99,1402200
ALXN,2016-06-07,139.97,140.75,136.14,138.13,5632700
ALXN,2016-06-08,138.14,139.79,137.91,138.88,2953700
ALXN,2016-06-09,138.26,141.48,137.75,138.24,2376200
ALXN,2016-06-10,136.7,137.86,134.02,135.61,1983700
ALXN,2016-06-13,135.72,137.63,133.18,133.32,1653900
ALXN,2016-06-14,133.19,134.05,130.27,131.22,1905100
ALXN,2016-06-15,131.67,132.2,129.35,129.55,1678100
ALXN,2016-06-16,128.74,129.55,127.2,127.49,2189800
ALXN,2016-06-17,126.98,127.49,124.8,125.2,3526500
ALXN,2016-06-20,128.33,128.55,123.79,123.96,3473000
ALXN,2016-06-21,124.57,124.83,122.65,124.14,2691000
ALXN,2016-06-22,123.92,126.06,121.07,121.41,3681300
ALXN,2016-06-23,123.08,123.71,121.43,123.57,1922800
ALXN,2016-06-24,117.5,119.51,110.56,112.99,7514300
ALXN,2016-06-27,113.63,115.39,111.02,111.89,3284400
ALXN,2016-06-28,113,115.69,113,114.94,2358500
ALXN,2016-06-29,115.8,116.79,112.2,114.17,2718600
ALXN,2016-06-30,114.1,116.89,113.24,116.76,2561900
ALXN,2016-07-01,116.68,119.76,115.83,118.59,2561500
ALXN,2016-07-05,117.35,118.21,116,117.64,1442800
ALXN,2016-07-06,117.27,121.63,116.4,121.12,2723400
ALXN,2016-07-07,122.2,125.54,121.9,123.34,2812800
ALXN,2016-07-08,124.63,125.11,123.29,124.42,2447600
ALXN,2016-07-11,126.03,126.47,124.01,125.3,1734500
ALXN,2016-07-12,125.98,127.2,124.22,125.35,2413300
ALXN,2016-07-13,126.37,126.78,123.24,123.47,1593900
ALXN,2016-07-14,125,125.71,123.97,125.15,1317900
ALXN,2016-07-15,126.37,126.87,124.96,125.58,1606400
ALXN,2016-07-18,125.62,125.98,124,125.46,1003100
ALXN,2016-07-19,125,125.86,123.14,124.16,1426000
ALXN,2016-07-20,124.15,128,123.96,126.93,1817200
ALXN,2016-07-21,128.24,129.95,126.34,127.3,2172200
ALXN,2016-07-22,127.74,127.98,125.34,125.8,1381800
ALXN,2016-07-25,125.71,127.93,125.34,127.46,1382200
ALXN,2016-07-26,126.77,127.81,125.39,126.65,1331600
ALXN,2016-07-27,126.63,130.32,125.81,129.78,2110700
ALXN,2016-07-28,134,135,129.52,130.4,2899300
ALXN,2016-07-29,130.41,131.3,127.7,128.6,1895400
ALXN,2016-08-01,128.87,135.14,128.76,133.5,3425300
ALXN,2016-08-02,133.54,135.51,130.96,133.61,2286000
ALXN,2016-08-03,133.23,138.24,132.58,137.66,2084000
ALXN,2016-08-04,138.18,138.4,135.21,135.43,1708000
ALXN,2016-08-05,135.84,138.26,135.43,137.11,1470200
ALXN,2016-08-08,137.14,138.05,135.69,136.08,1171400
ALXN,2016-08-09,135.55,137.01,134.61,135,857900
ALXN,2016-08-10,135.31,135.49,131.89,132.67,1586400
ALXN,2016-08-11,132.86,134.46,132.28,133.67,701300
ALXN,2016-08-12,132.94,133.5,131.31,133.44,1096200
ALXN,2016-08-15,134.18,136.71,133.83,136.07,1192700
ALXN,2016-08-16,135.36,135.37,133.68,133.76,666500
ALXN,2016-08-17,134.35,134.43,132.77,133.06,1004900
ALXN,2016-08-18,132.72,133.32,132.04,132.43,1024000
ALXN,2016-08-19,132.03,133.32,131.97,132.13,795900
ALXN,2016-08-22,133.72,136.62,133.06,136.53,1321000
ALXN,2016-08-23,137.22,137.7,135.94,137.42,903100
ALXN,2016-08-24,137.07,138.25,131.74,132.12,1395700
ALXN,2016-08-25,132.19,133.43,127.46,129.17,1695200
ALXN,2016-08-26,130,131.6,128.26,129.63,1057800
ALXN,2016-08-29,129.59,130.38,127.71,127.99,955600
ALXN,2016-08-30,127.77,129.2,127.28,128.22,823700
ALXN,2016-08-31,127.77,128.72,125.69,125.86,1371300
ALXN,2016-09-01,125.9,126.42,123.79,125.63,1335700
ALXN,2016-09-02,126.29,126.29,123.56,123.67,1083000
ALXN,2016-09-06,123.79,126.05,122.02,125.85,1394000
ALXN,2016-09-07,125.6,127.24,124.41,125.09,915600
ALXN,2016-09-08,124.97,130.49,124.93,130.06,2071000
ALXN,2016-09-09,128.32,129.27,123.95,124.92,1550300
ALXN,2016-09-12,124.2,129.52,124.2,129.29,1227600
ALXN,2016-09-13,127.84,129.04,125.75,126.79,1169000
ALXN,2016-09-14,126.91,130.39,126.59,129.42,969800
ALXN,2016-09-15,126.99,131.22,126.99,129.7,1577800
ALXN,2016-09-16,129.99,132.54,128.42,131.46,2930200
ALXN,2016-09-19,131.6,133.03,130.29,131.18,1240200
ALXN,2016-09-20,132.47,132.95,130.38,131.73,1136900
ALXN,2016-09-21,132.26,132.83,128.1,130.36,1210300
ALXN,2016-09-22,131.09,133.88,129.85,133.69,1175500
ALXN,2016-09-23,131.6,132.3,127.18,127.22,2154600
ALXN,2016-09-26,127.22,127.64,124.21,124.51,1484700
ALXN,2016-09-27,124.25,126.52,123.66,125.98,1350900
ALXN,2016-09-28,127.45,127.45,123.26,123.76,1384000
ALXN,2016-09-29,124.23,125.2,120.02,120.06,1976400
ALXN,2016-09-30,120.11,123.05,119.23,122.54,1892700
ALXN,2016-10-03,122.41,122.8,120.36,122.14,1484600
ALXN,2016-10-04,122.41,123.91,121.85,123.41,1277100
ALXN,2016-10-05,123.78,126.82,123.01,125.51,1058600
ALXN,2016-10-06,124.61,125.3,122.58,122.89,951200
ALXN,2016-10-07,123.51,125.33,122.01,125.05,1024900
ALXN,2016-10-10,125.95,126.81,125.23,126.05,923500
ALXN,2016-10-11,125.24,125.99,120.95,121.77,1450200
ALXN,2016-10-12,122.04,122.1,118.59,118.75,1323300
ALXN,2016-10-13,117.72,120.75,117.26,119.61,1151800
ALXN,2016-10-14,120.28,121.39,118.26,118.34,958100
ALXN,2016-10-17,118.63,119.82,116.75,119.47,1242100
ALXN,2016-10-18,121.56,124.47,120.61,121.34,1130100
ALXN,2016-10-19,121.11,121.85,119.95,120.31,968500
ALXN,2016-10-20,120.31,123.22,119.99,122.47,883100
ALXN,2016-10-21,121.96,122.29,119.78,120.26,1111300
ALXN,2016-10-24,121.35,123.03,119.33,121.61,1297900
ALXN,2016-10-25,121.79,123.23,120.74,121.41,932200
ALXN,2016-10-26,121.55,122.65,119.03,121.59,3834200
ALXN,2016-10-27,126.16,133.48,126.16,131.37,4449400
ALXN,2016-10-28,132.69,136.25,130.41,135.59,3247600
ALXN,2016-10-31,135.37,135.54,129.84,130.5,2284700
ALXN,2016-11-01,130.57,133.38,128.64,131.42,1907000
ALXN,2016-11-02,131.02,131.22,127.59,127.74,1786700
ALXN,2016-11-03,128.93,131.03,127.28,127.52,1917000
ALXN,2016-11-04,137.01,145.41,121.55,129,11384500
ALXN,2016-11-07,130.57,130.57,118.4,120.05,6151300
ALXN,2016-11-08,119.79,122.67,117.33,119.35,3885400
ALXN,2016-11-09,125.49,138,123.07,127.16,6302900
ALXN,2016-11-10,126.25,128.91,125.46,126.88,7447400
ALXN,2016-11-11,125.76,126.7,111.67,113.62,6463200
ALXN,2016-11-14,115.1,122.59,114.5,118.89,4026600
ALXN,2016-11-15,118.85,120.45,117.23,120.36,2120100
ALXN,2016-11-16,119.88,123.46,119.22,122.51,2896600
ALXN,2016-11-17,122.35,123.55,121.02,122.97,1929300
ALXN,2016-11-18,122.49,124.04,119.7,119.85,1523600
ALXN,2016-11-21,119.93,120.81,117.59,117.68,1642000
ALXN,2016-11-22,118.44,118.5,114.86,117.02,1697400
ALXN,2016-11-23,115.46,119.35,114.6,118.92,1650200
ALXN,2016-11-25,118.84,119.04,117.31,118.83,472500
ALXN,2016-11-28,118.48,119.95,116.63,119.38,1901600
ALXN,2016-11-29,121,127.55,118.58,125.59,3298500
ALXN,2016-11-30,125.56,126.21,122.16,122.59,1636700
ALXN,2016-12-01,122.78,123.49,121.32,122.01,1675700
ALXN,2016-12-02,122.5,123.45,121.34,122.96,1251300
ALXN,2016-12-05,124.09,127.55,123.85,124.93,2455200
ALXN,2016-12-06,124.69,125.55,123.67,124.17,1126900
ALXN,2016-12-07,122.71,127,120.75,125.62,2646300
ALXN,2016-12-08,125.45,126.69,123.13,126,1914100
ALXN,2016-12-09,126.26,134.06,126.06,132.07,2527900
ALXN,2016-12-12,118.61,120.36,109.8,115.08,14242500
ALXN,2016-12-13,113.61,113.85,109.12,110.01,6773500
ALXN,2016-12-14,109.42,114.43,109.31,113.52,5957400
ALXN,2016-12-15,113.66,116.91,112.68,116.7,4535800
ALXN,2016-12-16,118.15,120.93,117.35,120.04,5599100
ALXN,2016-12-19,119.76,121.91,113.54,114.56,4761500
ALXN,2016-12-20,115.14,121.7,114.57,116.72,4540400
ALXN,2016-12-21,117.2,120.01,115.41,118.99,2555400
ALXN,2016-12-22,119.75,126.31,118.4,125.85,5219600
ALXN,2016-12-23,125.75,127.87,124.82,127.19,2408100
ALXN,2016-12-27,127.19,128.13,124.83,126.06,1847300
ALXN,2016-12-28,125.98,125.98,123.6,123.73,1203700
ALXN,2016-12-29,123.52,123.84,121.92,123.63,1008400
ALXN,2016-12-30,123.62,124.23,121.81,122.35,1433000
ALXN,2017-01-03,123.19,125.28,122.13,122.63,1679800
ALXN,2017-01-04,123.6,128.61,123.2,127.11,3158400
ALXN,2017-01-05,133,141.41,133,139.18,8705500
ALXN,2017-01-06,139.98,144.75,137.59,143.61,3549500
ALXN,2017-01-09,143.7,145,141.23,144.77,2608500
ALXN,2017-01-10,144.99,145,140.5,143.67,1948000
ALXN,2017-01-11,143.04,143.23,134.02,136.66,4432300
ALXN,2017-01-12,137.85,138.36,135.13,137.35,1948200
ALXN,2017-01-13,137.03,139.97,135.41,136.93,1679600
ALXN,2017-01-17,136.19,136.8,134.57,135.3,1963300
ALXN,2017-01-18,136.25,138.47,134.97,135.87,2121800
ALXN,2017-01-19,135.45,135.6,133.67,134.35,1481200
ALXN,2017-01-20,135.18,135.18,131.19,131.97,1848300
ALXN,2017-01-23,132.23,133.09,130.7,131.49,1545900
ALXN,2017-01-24,131.59,132.4,129.25,129.87,1630400
ALXN,2017-01-25,130.61,131.29,128.73,129.46,2045400
ALXN,2017-01-26,130.05,132.48,128.05,128.2,1856200
ALXN,2017-01-27,128.81,129.56,128.02,129.23,1267000
ALXN,2017-01-30,128.21,128.86,127.18,128.05,1451600
ALXN,2017-01-31,128.01,131.07,126.1,130.68,2052100
ALXN,2017-02-01,128.5,132.84,128.5,132.32,2327500
ALXN,2017-02-02,130.86,132,127.96,128.38,2821400
ALXN,2017-02-03,129.11,129.11,126.74,126.98,3027600
ALXN,2017-02-06,125.69,128.3,125.31,128.19,1684500
ALXN,2017-02-07,128.09,128.65,126.23,127.72,1272600
ALXN,2017-02-08,127.12,128.58,125.69,126.37,1758200
ALXN,2017-02-09,126.84,127.67,125.79,127.08,2165500
ALXN,2017-02-10,127.49,127.98,125.85,126.51,1668100
ALXN,2017-02-13,127.22,128.15,126.04,127.77,3021000
ALXN,2017-02-14,128.22,130.47,127.75,129.5,3321800
ALXN,2017-02-15,129.06,132.38,129.05,132,2610500
ALXN,2017-02-16,137.71,138.21,130.18,130.39,5186400
ALXN,2017-02-17,130,130.23,125.2,128.82,3048100
ALXN,2017-02-21,129.71,132.78,129.42,129.89,2715700
ALXN,2017-02-22,129.38,131.99,129.36,130.83,1243100
ALXN,2017-02-23,130.51,131.56,128.93,130.44,1827000
ALXN,2017-02-24,131.37,132.46,130,131.54,1657200
ALXN,2017-02-27,131.2,132.53,130.66,132.2,1311500
ALXN,2017-02-28,131.71,132.17,130.61,131.25,1756100
ALXN,2017-03-01,132.5,135.11,131.43,134.21,1897800
ALXN,2017-03-02,133.8,134.41,132.53,132.94,1244500
ALXN,2017-03-03,132.4,135.38,132.24,134.99,1692800
ALXN,2017-03-06,134.86,135.86,133.07,133.33,1209000
ALXN,2017-03-07,132.37,133.19,128.9,129.18,1318600
ALXN,2017-03-08,129.6,131.34,126.17,127.41,3160100
ALXN,2017-03-09,127.41,127.81,124.16,126.55,2182200
ALXN,2017-03-10,127.53,128.2,125.44,127.31,1710600
ALXN,2017-03-13,126.94,126.94,124.13,124.74,1459700
ALXN,2017-03-14,124.67,124.85,121.5,121.6,1757400
ALXN,2017-03-15,121.74,122.73,121.02,122.12,1909000
ALXN,2017-03-16,122.14,124.05,121.76,122.41,1476900
ALXN,2017-03-17,123.07,123.64,121.34,122.08,2441100
ALXN,2017-03-20,122.18,122.29,119.61,120.2,1392900
ALXN,2017-03-21,120.89,120.98,116.96,118.7,2073200
ALXN,2017-03-22,118.72,120.22,118.09,120.08,1394900
ALXN,2017-03-23,119.79,121.07,119.55,120.26,1409800
ALXN,2017-03-24,120.94,121.43,118.73,119.26,1292300
ALXN,2017-03-27,117.67,119.05,115.58,118.83,2400400
ALXN,2017-03-28,118.64,119.5,118.04,118.53,1115300
ALXN,2017-03-29,118.53,121.44,118.03,120.72,1844100
ALXN,2017-03-30,120.7,122.93,120,122.08,1837500
ALXN,2017-03-31,121.49,121.87,119.22,121.24,2033600
ALXN,2017-04-03,121.52,122.29,119.15,119.29,1497900
ALXN,2017-04-04,119.35,120.33,117.86,118.3,1614600
ALXN,2017-04-05,118.17,119.88,115.94,116.21,1942200
ALXN,2017-04-06,116.3,116.7,114.16,115.49,3365000
ALXN,2017-04-07,115.78,116.26,113.42,115.62,2706900
ALXN,2017-04-10,115.92,118.09,115.01,117.41,1239100
ALXN,2017-04-11,117.05,118.24,115.66,116.89,771800
ALXN,2017-04-12,117.09,117.73,114.32,114.57,1309000
ALXN,2017-04-13,114.76,118.64,114.73,118.35,1702800
ALXN,2017-04-17,118.35,119.57,117.24,118.83,1525400
ALXN,2017-04-18,118.07,118.94,117.35,118.22,1007700
ALXN,2017-04-19,118.75,121,118.02,120.49,2166200
ALXN,2017-04-20,121,121,117.99,118.72,1409500
ALXN,2017-04-21,118.64,119.3,115.57,116.82,2043400
ALXN,2017-04-24,117.99,120.42,117.5,119.54,2812800
ALXN,2017-04-25,120.02,122.07,119.47,120.55,1738300
ALXN,2017-04-26,120.6,122.93,120.12,120.73,1646400
ALXN,2017-04-27,125,127.94,121.7,126.91,3823800
ALXN,2017-04-28,127.67,128.74,125.64,127.78,3167400
ALXN,2017-05-01,128,131.76,127.15,131.59,2375100
ALXN,2017-05-02,130.91,133.67,130.06,133.41,2622700
ALXN,2017-05-03,133.04,133.04,129.47,130.43,1401100
ALXN,2017-05-04,130.5,131.35,128.86,130.15,1180800
ALXN,2017-05-05,130.63,130.63,128.6,128.82,1383000
ALXN,2017-05-08,129.12,129.99,122.02,124.48,5197300
ALXN,2017-05-09,124.1,125.8,123.19,124.7,1491300
ALXN,2017-05-10,124.99,125.37,120.57,120.95,1492600
ALXN,2017-05-11,120.6,121.12,118.58,119.04,3007100
ALXN,2017-05-12,119,121.39,118.11,120.08,2307900
ALXN,2017-05-15,120.99,121.45,120.3,120.93,1354500
ALXN,2017-05-16,120.75,121.1,119.85,120.3,1101700
ALXN,2017-05-17,119.28,119.56,116.1,116.15,1414200
ALXN,2017-05-18,116.44,117.84,115.84,116.67,2014100
ALXN,2017-05-19,117.16,117.16,113.49,113.84,2613700
ALXN,2017-05-22,113.95,115.54,112.58,115.42,2228000
ALXN,2017-05-23,111.41,112.65,102.47,104.64,18836900
ALXN,2017-05-24,104.5,105,98.63,101.08,9759600
ALXN,2017-05-25,104.36,104.49,98.4,98.5,8367900
ALXN,2017-05-26,98.77,99.44,96.18,97.7,6660700
ALXN,2017-05-30,98.04,98.6,96.84,97.78,5596500
ALXN,2017-05-31,98.28,99,97.56,98.03,3985100
ALXN,2017-06-01,97.87,101.25,97.87,100.58,3588300
ALXN,2017-06-02,101.24,104.68,100.77,101.83,3308800
ALXN,2017-06-05,101.53,102.14,100.02,101.61,1564300
ALXN,2017-06-06,101.51,102.32,100.26,101.47,2624700
ALXN,2017-06-07,101.5,103.82,99.9,100.14,3056900
ALXN,2017-06-08,100.57,104.05,100.57,102.92,2826400
ALXN,2017-06-09,103.09,106.06,103.03,105.38,2972900
ALXN,2017-06-12,105.51,108.25,105.51,106.88,3173300
ALXN,2017-06-13,106.25,108.87,105.75,108,2282500
ALXN,2017-06-14,114.59,118.09,113.95,118,10327800
ALXN,2017-06-15,116.5,118.03,115.94,117.98,6260900
ALXN,2017-06-16,118.02,118.55,113.13,113.98,4622300
ALXN,2017-06-19,114.51,117.07,113.22,116.16,2694000
ALXN,2017-06-20,117,120.79,116.66,119.05,3592100
ALXN,2017-06-21,118.94,123.72,118.88,123.58,2929800
ALXN,2017-06-22,124.01,126.68,124.01,126.23,2863100
ALXN,2017-06-23,129.84,130.02,124.95,126.07,4530700
ALXN,2017-06-26,126.59,126.99,124.88,125.09,2983700
ALXN,2017-06-27,125.2,126.39,122,122.11,2834500
ALXN,2017-06-28,122.35,126.52,121.51,125.81,2473700
ALXN,2017-06-29,125.55,125.86,120.61,122.43,2568400
ALXN,2017-06-30,123.75,123.75,121.37,121.67,1831600
ALXN,2017-07-03,121.83,122.78,121.02,121.08,1067400
ALXN,2017-07-05,121.15,126.19,120.45,125.05,2455200
ALXN,2017-07-06,124.21,126.1,117.17,121.09,4463700
ALXN,2017-07-07,122.31,123.97,121.21,123.06,1995100
ALXN,2017-07-10,123.56,124.32,121.5,123.76,1462800
ALXN,2017-07-11,123.51,124.72,122.11,124.32,1304600
ALXN,2017-07-12,124.97,126.05,123.77,124.94,1357600
ALXN,2017-07-13,124.6,127.39,123.78,126.91,1644700
ALXN,2017-07-14,127.7,128.67,126.18,126.71,1132300
ALXN,2017-07-17,126.54,128.5,125.69,125.78,927000
ALXN,2017-07-18,126.11,127.065,125.32,126.77,886400
ALXN,2017-07-19,126.65,129.19,126.4,127.3,1857600
ALXN,2017-07-20,127.91,129.99,127.35,129.81,1446000
ALXN,2017-07-21,129.42,132.01,129.01,131.79,1910700
ALXN,2017-07-24,132.03,132.22,130.19,130.74,1749500
ALXN,2017-07-25,131.75,132,129.09,129.35,1527800
ALXN,2017-07-26,128.89,131.71,128.77,131.07,2055500
ALXN,2017-07-27,139,142.47,132.24,133.92,5175400
ALXN,2017-07-28,134.63,139.02,133.4,137.99,2475000
ALXN,2017-07-31,137.74,138.52,135.82,137.34,1709800
ALXN,2017-08-01,138.33,138.78,136.75,137.79,1741800
ALXN,2017-08-02,136.9,138.39,136.4,137.97,1677600
ALXN,2017-08-03,138.13,138.44,135.59,136.72,1057900
ALXN,2017-08-04,136.95,137.14,134.74,136.64,1510100
ALXN,2017-08-07,136.33,139.07,135.32,138.33,1357200
ALXN,2017-08-08,137.78,138,135.745,136.04,1358200
ALXN,2017-08-09,135.96,137.7,135.08,136.85,1091800
ALXN,2017-08-10,136.02,136.47,132.15,132.3,1748400
ALXN,2017-08-11,132.68,134.02,131.15,132.93,1312700
ALXN,2017-08-14,133.64,134.6,133.28,133.96,922200
ALXN,2017-08-15,134.01,135.84,133.26,135.21,1033300
ALXN,2017-08-16,135.92,137.61,135.29,136.55,1169000
ALXN,2017-08-17,135.88,137.64,134.51,134.63,1197600
ALXN,2017-08-18,134.28,134.92,132.99,133.4,1416400
ALXN,2017-08-21,133.55,135.96,132.86,133.43,2599000
ALXN,2017-08-22,133.85,138.75,133.25,138.2,1354200
ALXN,2017-08-23,137.83,137.83,135.5,135.67,1025600
ALXN,2017-08-24,135.91,138,135.62,137.78,1094300
ALXN,2017-08-25,138,138.98,136.41,137.54,1491000
ALXN,2017-08-28,138.54,140.92,137.51,139.02,1340600
ALXN,2017-08-29,137.95,138.91,136.55,138.38,908600
ALXN,2017-08-30,137.95,140.25,137.67,138.45,1252000
ALXN,2017-08-31,138.82,142.98,137.32,142.41,2158700
ALXN,2017-09-01,142,144.695,141.01,144.08,1845900
ALXN,2017-09-05,145.81,149.34,142.43,144.72,2365900
ALXN,2017-09-06,145.12,146.97,143.02,145.12,1737700
ALXN,2017-09-07,144.75,145.21,142.59,143.5,1656000
ALXN,2017-09-08,143.1,143.86,140.69,141.19,1267500
ALXN,2017-09-11,143,143.97,139.84,142.93,1781700
ALXN,2017-09-12,145.8,145.8,139.3,144.07,1957600
ALXN,2017-09-13,144.11,146.66,142,146.46,1686700
ALXN,2017-09-14,146.3,146.85,143.02,144.61,1511800
ALXN,2017-09-15,147.06,147.29,145,146.69,3713600
ALXN,2017-09-18,146.98,146.98,143.47,143.64,1421900
ALXN,2017-09-19,143.9,144.455,141.82,142.83,1288500
ALXN,2017-09-20,142.66,143.51,141.92,142.92,1407500
ALXN,2017-09-21,142.99,143.88,142.2,142.92,1372900
ALXN,2017-09-22,142.43,143.21,141.46,142.82,985600
ALXN,2017-09-25,143.11,144.635,142.37,143.96,2056700
ALXN,2017-09-26,143.85,144.09,139.27,139.7,1470000
ALXN,2017-09-27,139.71,140.49,138.85,139.45,1465600
ALXN,2017-09-28,139.14,139.4,136.82,138.34,1471500
ALXN,2017-09-29,137.95,140.57,137.38,140.29,1267800
ALXN,2017-10-02,140,143.49,139.02,140.92,1430300
ALXN,2017-10-03,141.73,142.59,140.19,141.48,1142100
ALXN,2017-10-04,141.3,142.95,140.61,141.93,1283900
ALXN,2017-10-05,141.93,144.62,141.06,143.79,1280800
ALXN,2017-10-06,143.75,144.035,141.2,141.3,1104700
ALXN,2017-10-09,141.4,141.52,139.58,141.14,1033000
ALXN,2017-10-10,141.34,143.92,141.07,143.84,1251200
ALXN,2017-10-11,144.07,144.07,140.95,141.23,1554500
ALXN,2017-10-12,141.35,142.14,140.71,141.46,855800
ALXN,2017-10-13,141.29,143,140.44,140.61,721600
ALXN,2017-10-16,140.9,142.42,140.22,140.84,897400
ALXN,2017-10-17,140.44,144.91,140.22,143.16,1389500
ALXN,2017-10-18,143.4,144.67,139.86,140.24,1353100
ALXN,2017-10-19,140.04,141.29,139.01,140.46,1436200
ALXN,2017-10-20,140.48,140.48,137.48,139.02,2079600
ALXN,2017-10-23,138.48,139.39,134.81,135.2,2495900
ALXN,2017-10-24,141.31,142.24,136.13,136.66,4910200
ALXN,2017-10-25,134.18,136.525,131.59,132.01,3263400
ALXN,2017-10-26,130.85,131.75,125.79,126.07,4979000
ALXN,2017-10-27,125.34,129.4,124.1,128.62,3746700
ALXN,2017-10-30,127.78,131.39,126.9,127.81,2888600
ALXN,2017-10-31,125.54,126.04,119.15,119.66,5093800
ALXN,2017-11-01,119.97,120.49,114.79,116.06,3603900
ALXN,2017-11-02,117.33,117.47,115,115.63,2117800
ALXN,2017-11-03,115.31,118.13,115.12,117.95,1367800
ALXN,2017-11-06,117.26,118.86,115.44,115.94,1840200
ALXN,2017-11-07,115.71,117.57,113.52,117.42,1955900
ALXN,2017-11-08,117.96,118.74,114.1,115.39,2210900
ALXN,2017-11-09,114.52,117.01,114.485,116.37,1367300
ALXN,2017-11-10,115.49,116.14,114.91,115.17,1521700
ALXN,2017-11-13,115.02,115.345,113.22,113.45,1620000
ALXN,2017-11-14,113.08,113.5,109.63,109.98,2533100
ALXN,2017-11-15,110.1,111.25,108.64,110.34,3092000
ALXN,2017-11-16,111.18,111.61,108.215,110.33,2885300
ALXN,2017-11-17,110.15,111.27,109.61,110.87,2182800
ALXN,2017-11-20,110.52,111,108.01,108.49,1757000
ALXN,2017-11-21,109.08,109.43,107.9,108.05,2844800
ALXN,2017-11-22,108.25,108.55,107.07,107.6,1800600
ALXN,2017-11-24,107.87,109.1,107.57,108.61,662400
ALXN,2017-11-27,108.64,110.91,107.22,107.75,2334000
ALXN,2017-11-28,108.5,108.79,107.18,108.1,2020800
ALXN,2017-11-29,107.84,110.51,106.34,107.37,2586400
ALXN,2017-11-30,108.01,111.88,107.85,109.81,2722900
ALXN,2017-12-01,109.31,111.01,107.41,108.96,1957600
ALXN,2017-12-04,109.71,113.23,109.23,111.75,2473200
ALXN,2017-12-05,112.75,113.99,108.57,108.9,2179600
ALXN,2017-12-06,108.97,109.76,107.56,109.42,1935700
ALXN,2017-12-07,109.64,109.98,105.01,106.78,2595400
ALXN,2017-12-08,113.15,116.36,111.6,114.46,5486700
ALXN,2017-12-11,114.05,115.96,110.925,111.9,2625200
ALXN,2017-12-12,111.86,114.63,111.5,113.6,1611000
ALXN,2017-12-13,113.94,114.93,112.26,113.54,1873300
ALXN,2017-12-14,114.01,114.55,111.8,113.09,1624400
ALXN,2017-12-15,114.07,116.55,112.5,115.76,3412300
ALXN,2017-12-18,118.16,118.8,115.85,116.09,2065300
ALXN,2017-12-19,115.78,116.925,115.16,115.72,1661400
ALXN,2017-12-20,115.72,118.62,115.51,118.35,1886100
ALXN,2017-12-21,118.32,119.81,117.84,118.24,1946200
ALXN,2017-12-22,117.95,119.13,117.51,118.78,991700
ALXN,2017-12-26,119.13,119.88,118.28,119.22,1053700
ALXN,2017-12-27,119.34,119.94,118.82,119.8,1298300
ALXN,2017-12-28,121,121.17,118.895,120.26,1121600
ALXN,2017-12-29,120.76,121.195,119.135,119.59,1082200
ALXN,2018-01-02,121.63,124.3,119.99,124.05,2340500
ALXN,2018-01-03,125.15,126.29,122.41,124.95,2519000
ALXN,2018-01-04,125.82,125.82,122.13,122.69,2094900
ALXN,2018-01-05,123.91,123.91,121.58,122.8,2733200
ALXN,2018-01-08,122.64,122.8,118,119.7,3201100
ALXN,2018-01-09,120.5,122.11,120.03,121.8,1776000
ALXN,2018-01-10,121.7,121.92,120.13,121.46,1724400
ALXN,2018-01-11,121.5,122.96,120.22,122.48,1571700
ALXN,2018-01-12,123,123.63,121.59,122.71,1228200
ALXN,2018-01-16,123,126.06,123,124.48,4154500
ALXN,2018-01-17,125.54,125.54,121.6,122.12,2074900
ALXN,2018-01-18,122.43,122.43,120.04,120.35,1477200
ALXN,2018-01-19,120.6,121.725,120.38,121.05,1799000
ALXN,2018-01-22,121.24,124.03,120.59,123.67,1430800
ALXN,2018-01-23,123.43,126.16,122.66,125.59,1658200
ALXN,2018-01-24,126.04,129.15,123.875,125.01,1525900
ALXN,2018-01-25,125.88,126.455,124.04,124.95,954500
ALXN,2018-01-26,125.57,128.27,125.4,128.09,1510100
ALXN,2018-01-29,127.33,128.44,126.25,126.79,1259800
ALXN,2018-01-30,126.19,127.5,122.32,122.36,1700100
ALXN,2018-01-31,122.34,122.73,119.19,119.32,2088400
ALXN,2018-02-01,118.45,119.535,116.89,118.09,2706900
ALXN,2018-02-02,117.42,117.98,115.62,116.15,1389200
ALXN,2018-02-05,117.26,118.615,112.7,112.72,2050600
ALXN,2018-02-06,110.65,115.15,109.61,114.91,2094300
ALXN,2018-02-07,113.95,119.12,113.59,117.15,2695800
ALXN,2018-02-08,116.31,118.84,108.27,108.47,3744400
ALXN,2018-02-09,109.06,110.99,104.95,108.6,3039200
ALXN,2018-02-12,109.56,115.98,109.52,115.43,2659600
ALXN,2018-02-13,114.28,115.36,112.56,113.97,2426500
ALXN,2018-02-14,113.17,123.8,112.59,123.2,3156700
ALXN,2018-02-15,123.07,125.3,120.66,122.71,2595600
ALXN,2018-02-16,122.57,123.17,119.24,120.47,3898500
ALXN,2018-02-20,119.46,122.11,118.47,118.85,2022800
ALXN,2018-02-21,119.43,120.12,117.04,117.1,1555200
ALXN,2018-02-22,117.74,118.26,114.09,114.59,1812300
ALXN,2018-02-23,115.78,118.99,114.52,118.93,1815100
ALXN,2018-02-26,119.98,121.37,119.12,121.33,1261700
ALXN,2018-02-27,120.72,122.31,118.34,118.34,1786300
ALXN,2018-02-28,118.61,120.725,117.43,117.45,1418900
ALXN,2018-03-01,116.06,117.15,114.56,115.11,1957300
ALXN,2018-03-02,114.71,118.35,113.88,117.92,1343700
ALXN,2018-03-05,116.76,120.53,116.76,119.5,1341900
ALXN,2018-03-06,119.78,120.48,117.29,118.13,1134300
ALXN,2018-03-07,117.64,118.63,116.39,118.38,1468500
ALXN,2018-03-08,119.3,120.67,117.79,120.01,1258200
ALXN,2018-03-09,121.39,126.06,121.27,125.68,2663800
ALXN,2018-03-12,125.51,127.65,125.1,127.08,1209700
ALXN,2018-03-13,127.26,127.82,119.9,121.08,2102500
ALXN,2018-03-14,122.08,123.2,120.42,122.68,1305700
ALXN,2018-03-15,137.09,137.88,124.31,126.83,11142000
ALXN,2018-03-16,128.07,130.91,126.23,126.75,4394000
ALXN,2018-03-19,125.38,125.99,120.52,122.03,2135700
ALXN,2018-03-20,122.88,123.09,119.19,120.22,2015700
ALXN,2018-03-21,120.14,120.46,117.54,117.89,2592700
ALXN,2018-03-22,117.07,118,114.09,114.23,1901400
ALXN,2018-03-23,114.16,114.79,110.37,110.79,2822300
ALXN,2018-03-26,112.08,112.43,107.73,111.55,2944200
ALXN,2018-03-27,112.41,112.59,107.51,108.33,2620600
ALXN,2018-03-28,109.2,111.95,108.08,110.61,2456000
ALXN,2018-03-29,110.92,113.21,108.61,111.46,1802000
ALXN,2018-04-02,110.41,111.16,106.85,108.64,1948500
ALXN,2018-04-03,108.93,109.08,106.22,107.48,1313200
ALXN,2018-04-04,106.15,112.01,106.1,111.51,1552000
ALXN,2018-04-05,111.93,112.41,108.49,109.31,1690100
ALXN,2018-04-06,108.42,110.74,107.73,109.24,2398600
ALXN,2018-04-09,109.93,112.08,108.76,110.63,2116100
ALXN,2018-04-10,112.13,113.752,110.385,113.46,1613800
ALXN,2018-04-11,112.47,113.54,110.465,110.79,1627100
ALXN,2018-04-12,111.61,113.1,111.22,111.29,1315000
ALXN,2018-04-13,112.33,113,110.86,111.38,1220900
ALXN,2018-04-16,112.39,112.87,109.29,109.48,1598800
ALXN,2018-04-17,110,114.63,109.5,113.28,1939100
ALXN,2018-04-18,113.61,113.7,112.28,112.96,1262100
ALXN,2018-04-19,112.4,113.27,111.25,111.74,1024200
ALXN,2018-04-20,111.85,112.035,102.1,107.78,5457200
ALXN,2018-04-23,108.51,110.46,107.43,107.83,1485100
ALXN,2018-04-24,108.68,109.41,106.15,106.51,1682500
ALXN,2018-04-25,106.22,107.48,105.45,106.04,2237900
ALXN,2018-04-26,113,123.26,109.46,121.42,6646700
ALXN,2018-04-27,120.64,121.75,117.7,121.37,2789600
ALXN,2018-04-30,122.03,122.63,117.26,117.63,2308800
ALXN,2018-05-01,116.91,119.1,116.56,118.62,1433900
ALXN,2018-05-02,117.49,118.47,113.86,114.24,2448400
ALXN,2018-05-03,114.45,116.19,111.84,113.86,1859200
ALXN,2018-05-04,113.77,117.61,112.74,116.81,2542500
ALXN,2018-05-07,116.96,118.7,116.76,118.41,1362500
ALXN,2018-05-08,119.81,119.81,112.51,114.95,3156100
ALXN,2018-05-09,115.01,117.78,114,116.77,1242100
ALXN,2018-05-10,116.97,117.47,115.73,116.13,1027800
ALXN,2018-05-11,116.19,119.98,116.105,119.66,1397400
ALXN,2018-05-14,119.71,123.48,119.66,122.85,2052800
ALXN,2018-05-15,121.51,122.98,120.58,121.55,1649300
ALXN,2018-05-16,121.68,122.34,120.16,121,1031200
ALXN,2018-05-17,120.86,121.98,119.69,121.15,755900
ALXN,2018-05-18,121.12,121.69,120.11,121.07,1098800
ALXN,2018-05-21,121.5,121.56,118.09,119.37,1200400
ALXN,2018-05-22,119.59,120.16,118.34,119.01,810400
ALXN,2018-05-23,118.07,119.69,117.56,118.13,1009600
ALXN,2018-05-24,118.28,118.95,116.46,117.14,1139500
ALXN,2018-05-25,117.17,118.2,117.17,117.74,980100
ALXN,2018-05-29,116.52,117.71,114.36,115.73,1348700
ALXN,2018-05-30,116.43,117.3,115.47,116.48,1355300
ALXN,2018-05-31,116.25,116.75,115.11,116.13,1444200
ALXN,2018-06-01,117.02,119.45,116.11,119.01,1429600
ALXN,2018-06-04,118.99,120.63,118.27,119.78,1766900
ALXN,2018-06-05,120.2,120.69,117.8,119.28,898300
ALXN,2018-06-06,119.59,120.855,119.35,120.61,828400
ALXN,2018-06-07,120.74,121.65,117.85,118.61,1167600
ALXN,2018-06-08,118.53,118.87,116.47,118.33,1010300
ALXN,2018-06-11,118.12,118.31,116.08,116.7,853600
ALXN,2018-06-12,116.45,118.59,115.67,117.58,1338700
ALXN,2018-06-13,117.58,119.85,117.16,118.2,1143900
ALXN,2018-06-14,118.83,120.54,118.26,120.16,1029900
ALXN,2018-06-15,120,121.85,118.99,121.52,2212200
ALXN,2018-06-18,120.05,120.5,117.295,118.67,1281400
ALXN,2018-06-19,117.72,122.5,117.72,121.91,1208900
ALXN,2018-06-20,122.39,124.77,121.86,124.52,1044100
ALXN,2018-06-21,124.15,126.14,123.86,125.81,1495900
ALXN,2018-06-22,125.71,128.64,125.37,127.57,2326900
ALXN,2018-06-25,126.89,127.14,123.67,124.83,1427800
ALXN,2018-06-26,125.05,125.9,121.87,122.43,1227000
ALXN,2018-06-27,122.67,124.28,120.69,121.84,1189000
ALXN,2018-06-28,121.8,123.58,119.57,121.66,1335000
ALXN,2018-06-29,122.48,125.25,121.91,124.15,1095500
ALXN,2018-07-02,124.17,125.22,122,125,1295000
ALXN,2018-07-03,126.46,126.785,124.555,125.76,619300
ALXN,2018-07-05,126.83,128.74,125.51,128.08,1099200
ALXN,2018-07-06,129.1,132.48,128.27,132.2,1464400
ALXN,2018-07-09,132.93,132.99,129.81,131.58,1480700
ALXN,2018-07-10,131.64,132.03,130.445,131.91,894800
ALXN,2018-07-11,131.11,131.79,129.705,131.12,825200
ALXN,2018-07-12,131.77,134.33,131.5,134.29,1618300
ALXN,2018-07-13,134.48,136.47,134,135.87,1574300
ALXN,2018-07-16,136.27,136.87,133.8,134.58,1132100
ALXN,2018-07-17,133.94,137.9,133.78,136.4,1543300
ALXN,2018-07-18,135.83,135.97,134.445,135.65,977500
ALXN,2018-07-19,135.17,135.86,134.34,135.09,1301400
ALXN,2018-07-20,134.93,135.78,134.01,135.16,1425100
ALXN,2018-07-23,135.16,135.17,133.45,134.58,1200300
ALXN,2018-07-24,135.68,137.33,134.42,135.3,1320300
ALXN,2018-07-25,135.43,137.62,134.25,137.18,1405300
ALXN,2018-07-26,137.86,138.77,131.21,136.51,2462200
ALXN,2018-07-27,136.61,136.9,130.5,131.83,2464000
ALXN,2018-07-30,131.44,132.45,129.41,131.51,1596100
ALXN,2018-07-31,132.22,133.47,130.89,132.96,1482000
ALXN,2018-08-01,132.33,133.72,131.77,132.99,1284200
ALXN,2018-08-02,130.97,131.43,124.85,126.01,3143500
ALXN,2018-08-03,126.99,128,122.81,123.67,2495500
ALXN,2018-08-06,123.18,123.7,120.54,123.36,1930100
ALXN,2018-08-07,122.24,123.34,121.13,122.4,1705000
ALXN,2018-08-08,122.23,122.39,119.8,120.34,1677000
ALXN,2018-08-09,121.1,121.4,119.37,120.14,1421300
ALXN,2018-08-10,119.54,119.97,118.15,118.88,1027300
ALXN,2018-08-13,118.96,119.99,118.25,118.37,1256700
ALXN,2018-08-14,118.86,120.61,118.61,119.68,880600
ALXN,2018-08-15,118.9,118.9,115.08,115.32,1807100
ALXN,2018-08-16,115.97,118.33,114.4,117.28,1410400
ALXN,2018-08-17,117.07,117.28,115.45,116,1109400
ALXN,2018-08-20,118.47,118.47,115.65,116.17,1342600
ALXN,2018-08-21,116.01,117.25,115.81,116.99,1017500
ALXN,2018-08-22,116.52,118.15,115.46,117.7,857900
ALXN,2018-08-23,117.31,117.93,116.27,116.8,718800
ALXN,2018-08-24,117.01,117.95,116.68,117.5,622400
ALXN,2018-08-27,118.28,121.01,117.75,119.97,961000
ALXN,2018-08-28,120.32,122.36,119.7,120.3,1712200
ALXN,2018-08-29,120.48,123.64,119.845,122.81,1697900
ALXN,2018-08-30,122.73,123.21,121.78,122.8,757900
ALXN,2018-08-31,122.74,123.74,121.56,122.24,975400
ALXN,2018-09-04,121.33,121.78,118.57,119.2,1138700
ALXN,2018-09-05,119.36,120.61,118.82,120.33,1005600
ALXN,2018-09-06,119.92,121.02,117.11,117.41,831500
ALXN,2018-09-07,116.85,117.3,115.4,117.27,878100
ALXN,2018-09-10,118,118.52,117.27,117.81,860000
ALXN,2018-09-11,117.6,118.04,116.1,117.52,860000
ALXN,2018-09-12,117.6,118.48,116.29,118.21,788400
ALXN,2018-09-13,118.6,119.76,117.35,119.05,1444600
ALXN,2018-09-14,119.13,119.37,117.28,118.2,1321900
ALXN,2018-09-17,118.35,118.65,117.08,117.81,927700
ALXN,2018-09-18,118.19,120.94,117.57,120.82,1028800
ALXN,2018-09-19,120.79,123.11,120.575,121.97,939100
ALXN,2018-09-20,122.69,124.91,122.69,124.61,1001000
ALXN,2018-09-21,125.09,125.5,121.91,121.99,1688900
ALXN,2018-09-24,130.03,130.49,125.63,128.51,3531100
ALXN,2018-09-25,128.67,130.54,128.28,128.99,2055700
ALXN,2018-09-26,132.47,137.48,131.27,135.61,3878600
ALXN,2018-09-27,135.3,138.87,135.1,138.27,1757300
ALXN,2018-09-28,138.16,140.77,137.92,139.01,2943100
ALXN,2018-10-01,139.14,140,136.9,137.12,1911000
ALXN,2018-10-02,137,137.87,134.08,135.88,2386800
ALXN,2018-10-03,136.17,138.11,135.125,136.71,2111700
ALXN,2018-10-04,136.56,136.71,132.59,133.61,1160800
ALXN,2018-10-05,133.61,136.07,130.02,130.82,1727000
ALXN,2018-10-08,131.03,132.2,127.28,129.46,1356400
ALXN,2018-10-09,129.66,132.27,128.535,130.58,1384500
ALXN,2018-10-10,129.56,130.12,123.76,123.99,1615900
ALXN,2018-10-11,124.01,124.5,118.25,119.31,1991000
ALXN,2018-10-12,122.57,122.96,118.16,121.94,1841500
ALXN,2018-10-15,121.02,123.52,120,121.49,1059900
ALXN,2018-10-16,122.63,128.13,122.35,127.7,1379500
ALXN,2018-10-17,127.32,129.57,125.83,128.94,934200
ALXN,2018-10-18,129.09,129.26,124.96,126.56,891100
ALXN,2018-10-19,126.74,128.99,125.4,125.89,1166900
ALXN,2018-10-22,126.79,127.07,122.95,123.92,1086100
ALXN,2018-10-23,121.96,124.26,119.325,123,1227000
ALXN,2018-10-24,125.76,126.5,110.59,110.99,7219700
ALXN,2018-10-25,114.05,119.39,111.81,117.16,3576400
ALXN,2018-10-26,114.06,118.77,113.01,116.27,2204000
ALXN,2018-10-29,117.67,118.09,109.74,112.26,2021900
ALXN,2018-10-30,112.43,114.38,109.97,114.19,1530700
ALXN,2018-10-31,114.87,115.06,112,112.07,2223500
ALXN,2018-11-01,111.83,119.91,111.83,119.7,1965200
ALXN,2018-11-02,120.36,123.18,119.35,122.82,1645600
ALXN,2018-11-05,123.63,124.02,121.445,123.21,1228600
ALXN,2018-11-06,123.26,125.38,122.02,123.22,993200
ALXN,2018-11-07,124.69,127.8,123.63,127.18,1216100
ALXN,2018-11-08,127.08,128.42,125.475,127.18,884200
ALXN,2018-11-09,126.53,126.59,122,123.44,1338400
ALXN,2018-11-12,123.52,123.54,118.32,118.6,1215600
ALXN,2018-11-13,120.16,122.15,118.21,118.52,903400
ALXN,2018-11-14,119.64,120.82,115.34,116.11,1093600
ALXN,2018-11-15,115.73,119.93,114.63,119.68,1160100
ALXN,2018-11-16,119.29,120.15,116.18,118.62,1321300
ALXN,2018-11-19,118.86,118.88,113.41,115.06,1029200
ALXN,2018-11-20,114.06,119.02,113.16,116.82,1464400
ALXN,2018-11-21,117.47,119.79,117.2,118.11,812500
ALXN,2018-11-23,117.5,120.44,117,118.1,384700
ALXN,2018-11-26,119.9,120.64,118.14,119,1448300
ALXN,2018-11-27,118.25,121.1,117.58,120.93,1154900
ALXN,2018-11-28,120.55,122.92,117,122.84,1607200
ALXN,2018-11-29,122.4,124.94,121.85,123.34,973000
ALXN,2018-11-30,123.67,124.16,121.65,123.15,1315100
ALXN,2018-12-03,123.2,127.13,123.09,125.47,1361600
ALXN,2018-12-04,125.66,129.36,122,122.3,1914100
ALXN,2018-12-06,120.63,121.15,116.51,121.04,1603600
ALXN,2018-12-07,119.83,120.98,114.4,115.6,1229600
ALXN,2018-12-10,115.65,115.99,111.75,114.65,1670700
ALXN,2018-12-11,115.96,117.11,113.28,114.83,1403400
ALXN,2018-12-12,117.24,118.76,116,117.01,1395800
ALXN,2018-12-13,117.27,118.26,112.33,112.43,2564600
ALXN,2018-12-14,111.59,112.24,108.86,109.43,2120800
ALXN,2018-12-17,109.36,114.07,108.21,109.53,2159200
ALXN,2018-12-18,110.13,110.74,105.41,105.99,2012300
ALXN,2018-12-19,106.39,107.72,100.93,102.78,2526700
ALXN,2018-12-20,102.07,105.02,99.75,101.22,2959300
ALXN,2018-12-21,101.19,102.37,93.67,94.63,5336700
ALXN,2018-12-24,93.23,96.57,92.56,93.94,1774800
ALXN,2018-12-26,94.95,97.87,94.04,97.87,1945200
ALXN,2018-12-27,95.83,98.19,93.79,98.1,1466700
ALXN,2018-12-28,98.52,99.27,96.57,97.21,1407200
ALXN,2018-12-31,98.06,99.81,96.39,97.36,1310300
ALXN,2019-01-02,95.84,99.05,95.16,98.05,1359700
ALXN,2019-01-03,100.15,103.88,99.12,100.21,3296500
ALXN,2019-01-04,101.88,107.3,101.8,106,2349900
ALXN,2019-01-07,105.65,108.98,104.7,107.94,1983600
ALXN,2019-01-08,108.65,110.49,105.2,108.61,1766400
ALXN,2019-01-09,108.99,110.74,108.32,109.96,1553200
ALXN,2019-01-10,109.15,111.49,108.45,110.93,1467600
ALXN,2019-01-11,110.68,111.53,108.75,111.13,1339500
ALXN,2019-01-14,110.02,110.33,107.53,107.58,1681700
ALXN,2019-01-15,108.17,111.77,107.76,111.73,1949300
ALXN,2019-01-16,111.89,113.99,110.81,111.7,2158000
ALXN,2019-01-17,111.62,115.65,111.1,114.62,1926600
ALXN,2019-01-18,115.7,117.37,113.54,117.05,2528300
ALXN,2019-01-22,115.28,115.32,112.14,114.29,2841600
ALXN,2019-01-23,115.14,117.98,114.83,117,2480500
ALXN,2019-01-24,117.25,117.98,116.38,117.91,1557300
ALXN,2019-01-25,118.98,121.59,118.37,121.44,1501600
ALXN,2019-01-28,119.87,120.005,117,119.21,2012000
ALXN,2019-01-29,119.32,119.99,117.12,119.61,2276400
ALXN,2019-01-30,119.62,121.645,117.66,121.32,1427900
ALXN,2019-01-31,121.41,123.21,120.44,122.96,1678000
ALXN,2019-02-01,124.44,126.51,123.15,126.28,2470300
ALXN,2019-02-04,128.67,129,121.43,123.75,3629800
ALXN,2019-02-05,123.39,124.88,121.56,122.87,1889000
ALXN,2019-02-06,122.72,123.095,120.94,121.03,1556600
ALXN,2019-02-07,119.57,120.37,117.31,118.79,1479400
ALXN,2019-02-08,118.03,120.19,117.8,120.14,1057600
ALXN,2019-02-11,120.76,121.4,119.285,120.05,969000
ALXN,2019-02-12,121.7,124.37,121.43,124.26,1701800
ALXN,2019-02-13,125,125.3,123.21,125.18,1160500
ALXN,2019-02-14,124.73,126.23,123.94,125.93,1017000
ALXN,2019-02-15,125.435,129.49,125.435,129.42,1299900
ALXN,2019-02-19,128.48,129.78,128.05,128.93,1169600
ALXN,2019-02-20,128.51,130.415,128.45,129.84,1758100
ALXN,2019-02-21,129.63,130.09,126.3,127.55,1019700
ALXN,2019-02-22,127.93,129.85,126.86,129.73,1221500
ALXN,2019-02-25,130.5,133.37,130.5,133.17,1574500
ALXN,2019-02-26,131.85,134.95,131.85,133.29,1396500
ALXN,2019-02-27,132.49,136.19,132,136.01,1131400
ALXN,2019-02-28,135.58,137.3,134.37,135.33,1556100
ALXN,2019-03-01,132.89,137.8,132.66,137.75,1445800
ALXN,2019-03-04,138,138.32,133.39,136.08,1502200
ALXN,2019-03-05,136.15,136.5,134.26,134.77,1030200
ALXN,2019-03-06,134.57,134.9,130.6,131.12,1241800
ALXN,2019-03-07,131.18,131.2,126.71,128.17,1667300
ALXN,2019-03-08,127.26,128.77,125.7,128.68,1194300
ALXN,2019-03-11,128.97,132.2,128.3463,132.04,1306300
ALXN,2019-03-12,132.55,134.87,131.79,134.3,1560900
ALXN,2019-03-13,135.22,136.96,134.48,135.71,1066700
ALXN,2019-03-14,135.87,136.38,133.48,134.88,1361300
ALXN,2019-03-15,135.31,136.65,134.62,136.09,2070700
ALXN,2019-03-18,136.07,136.39,132.86,133.51,1744400
ALXN,2019-03-19,133.57,134.56,132.39,132.94,1005700
ALXN,2019-03-20,133.2,133.56,130.85,131.66,1702900
ALXN,2019-03-21,130.47,134.56,130.03,134.21,1729700
ALXN,2019-03-22,133.86,134.9,130.1,130.21,1512000
ALXN,2019-03-25,130.29,132.34,128.3,132.29,1684000
ALXN,2019-03-26,133.15,136.95,132.61,136.79,1737700
ALXN,2019-03-27,136.71,137.5,133.1,134.6,1106400
ALXN,2019-03-28,134.65,135.78,131.73,133.26,1124900
ALXN,2019-03-29,134.5,135.79,133.37,135.18,1240700
ALXN,2019-04-01,136.58,137.62,135.2,135.32,869800
ALXN,2019-04-02,135.58,139.65,135.09,138.92,1516200
ALXN,2019-04-03,139.66,140.18,138.37,139.99,1699700
ALXN,2019-04-04,140.07,141.8,139.01,139.93,1189200
ALXN,2019-04-05,139.97,141.65,139.66,141.2,1208300
ALXN,2019-04-08,141.21,141.21,138.58,139.75,929000
ALXN,2019-04-09,139.17,140.3467,137.21,137.65,992000
ALXN,2019-04-10,138.02,141.86,137.35,141.3,1148800
ALXN,2019-04-11,141.38,141.59,137.24,137.42,947500
ALXN,2019-04-12,138.4,139.39,135.83,136.2,990400
ALXN,2019-04-15,136.87,137.93,135.39,137.49,855300
ALXN,2019-04-16,138.15,139.95,136.58,136.94,1172900
ALXN,2019-04-17,137.32,137.77,124.4,125.91,3078000
ALXN,2019-04-18,126.66,128.22,122.68,126.01,2094900
ALXN,2019-04-22,126.48,129.29,126.1,128.96,1245500
ALXN,2019-04-23,128.68,133.23,128.15,132.37,1488600
ALXN,2019-04-24,132,133.89,127.7,130.09,1250700
ALXN,2019-04-25,131,135.81,128.925,135.68,1739500
ALXN,2019-04-26,136,137.16,132.61,134.57,1498400
ALXN,2019-04-29,134.52,135.91,133.96,135.29,1163700
ALXN,2019-04-30,135.19,136.31,132.59,136.13,1171900
ALXN,2019-05-01,135.86,136.92,134.05,134.14,987300
ALXN,2019-05-02,133.71,135.41,132.21,133.13,1347600
ALXN,2019-05-03,134,136.83,133.4565,136.69,1042100
ALXN,2019-05-06,134.23,137.52,132.64,136.96,752700
ALXN,2019-05-07,135.43,136.515,133.03,134.52,996900
ALXN,2019-05-08,134.42,135.49,133.1167,133.65,807600
ALXN,2019-05-09,132.45,132.835,128.62,131.77,1297300
ALXN,2019-05-10,131.42,131.96,127.46,131.69,1324000
ALXN,2019-05-13,128.68,129.44,125.605,125.92,1647900
ALXN,2019-05-14,126.97,129.14,126.22,127.93,1033600
ALXN,2019-05-15,126.86,129.43,125.98,128.41,838400
ALXN,2019-05-16,128.77,131.97,128.45,131.4,1303600
ALXN,2019-05-17,130.6,131.99,129.86,130.9,1165900
ALXN,2019-05-20,129.7,129.7,125.48,127.23,1129600
ALXN,2019-05-21,128,129.57,127.44,128.8,1127900
ALXN,2019-05-22,128.49,128.96,125.32,127.55,1170500
ALXN,2019-05-23,125.86,126.69,123.12,125.33,1593500
ALXN,2019-05-24,126.27,128.26,125.6981,127.15,973900
ALXN,2019-05-28,127,127.9,124.68,125,1237600
ALXN,2019-05-29,124.17,124.49,121.03,121.3,1382900
ALXN,2019-05-30,122.21,123.13,119.71,120.49,1547700
ALXN,2019-05-31,118.56,118.58,112.86,113.68,2403300
ALXN,2019-06-03,113.97,116.47,113.31,114.05,1815500
ALXN,2019-06-04,115.21,117.62,114.69,117.54,2045700
ALXN,2019-06-05,118.21,119.015,117.11,118.78,1339400
ALXN,2019-06-06,119.19,120.28,118.52,118.81,2003700
ALXN,2019-06-07,119.41,119.7,117.18,118.4,1439300
ALXN,2019-06-10,118.61,119.52,116.35,116.42,1730000
ALXN,2019-06-11,117.45,118.4,115.655,117.14,1326500
ALXN,2019-06-12,117.11,121.77,116.55,120.65,1644800
ALXN,2019-06-13,120.93,122.9289,116.21,117.24,1893300
ALXN,2019-06-14,117.34,118.97,116.77,117.93,981500
ALXN,2019-06-17,118.29,122.08,118.29,120.14,1064000
ALXN,2019-06-18,122.85,124.53,121.905,122.37,1271400
ALXN,2019-06-19,122.22,124.04,120.9135,123.77,807800
ALXN,2019-06-20,124.78,129.76,124.78,128.83,2412800
ALXN,2019-06-21,129.11,132.74,125.54,132.39,3357800
ALXN,2019-06-24,132.45,132.77,126.35,126.98,1972300
ALXN,2019-06-25,128.51,129,124.82,125.15,1717400
ALXN,2019-06-26,125.39,126.74,123.1,125.34,1620100
ALXN,2019-06-27,125.64,127.2,124.31,126.11,1021100
ALXN,2019-06-28,126.64,131.21,126.64,130.98,2159400
ALXN,2019-07-01,132.78,132.98,129.76,131.28,1204800
ALXN,2019-07-02,131.33,134.2,130.3,134.08,1389200
ALXN,2019-07-03,134.25,134.84,132.28,133.35,1017100
ALXN,2019-07-05,132.71,133.53,129.92,130.3,1239500
ALXN,2019-07-08,129.47,129.47,124.27,125.3,1841100
ALXN,2019-07-09,124.5,126.48,123.34,125.72,1384300
ALXN,2019-07-10,125.62,127.735,123.2,124.37,1740500
ALXN,2019-07-11,124.2,124.2,120.02,121.49,1618300
ALXN,2019-07-12,121.53,122.03,119.53,120.82,1340000
ALXN,2019-07-15,120.72,123.16,120.59,123.04,928900
ALXN,2019-07-16,123.59,124.81,122.65,122.82,1532800
ALXN,2019-07-17,122.79,125.14,122.485,123.41,1706500
ALXN,2019-07-18,123.01,124.2671,121.77,123.26,1114000
ALXN,2019-07-19,124.12,124.2,120.77,120.8,1521100
ALXN,2019-07-22,121.49,123.63,121.25,122.32,1680900
ALXN,2019-07-23,122.42,123.08,121.52,122.42,1544600
ALXN,2019-07-24,125,125.46,116.21,120.97,3518700
ALXN,2019-07-25,120.48,121.81,117.82,118.03,2861200
ALXN,2019-07-26,118.97,119.905,113.9,114.63,3412500
ALXN,2019-07-29,114.65,114.865,109.83,112.36,5524300
ALXN,2019-07-30,111.69,115.62,110.84,114.45,3102900
ALXN,2019-07-31,114.81,115.62,111.7,113.29,2517000
ALXN,2019-08-01,113.5,116.98,113.5,114.91,2204900
ALXN,2019-08-02,113.96,114.31,110.76,112.34,1692000
ALXN,2019-08-05,110.45,110.6838,106.79,107.9,2680400
ALXN,2019-08-06,108.95,110.31,107.51,109.39,1831900
ALXN,2019-08-07,107.92,109.89,106.89,108.91,1998100
ALXN,2019-08-08,109.52,112.16,108.91,112.11,1529800
ALXN,2019-08-09,111.16,112.46,108.87,109.98,1345600
ALXN,2019-08-12,109.07,109.66,107.39,108.69,1607300
ALXN,2019-08-13,108.95,112.6,108.47,111.47,2064200
ALXN,2019-08-14,110.04,110.81,107.61,107.65,1766500
ALXN,2019-08-15,107.84,110.01,107.61,109.04,1728300
ALXN,2019-08-16,110.27,111.41,109.57,110.85,1254700
ALXN,2019-08-19,113.06,114.15,111.7,112.68,2026700
ALXN,2019-08-20,112.56,113.91,111.4,111.43,1837000
ALXN,2019-08-21,112.5,114.93,112.23,114.84,2556900
ALXN,2019-08-22,115.16,125.52,112.57,123.49,7289700
ALXN,2019-08-23,123.12,124.02,114.93,115.33,5246700
ALXN,2019-08-26,112,113.38,109.6,111.66,4041000
ALXN,2019-08-27,112.78,113.5,109.94,110.16,1790600
ALXN,2019-08-28,109.53,113.29,109.53,111.27,1561300
ALXN,2019-08-29,112.99,114.21,110.86,112.17,1600000
ALXN,2019-08-30,103,104.925,98.94,100.76,8547500
ALXN,2019-09-03,100.26,100.38,94.93,95.18,6286900
ALXN,2019-09-04,95.95,100.05,95.56,97.53,3706900
ALXN,2019-09-05,98.68,101.64,98.41,100.28,2509600
ALXN,2019-09-06,100.1,104.07,100.1,103.84,3046100
ALXN,2019-09-09,103.95,106.75,102.5,106.4,2493500
ALXN,2019-09-10,106.02,110.24,106.02,109.6,3798300
ALXN,2019-09-11,109.87,110.365,106.495,108.9,1952500
ALXN,2019-09-12,110.14,110.64,107.91,108.26,2358300
ALXN,2019-09-13,109.33,109.74,107.23,107.4,1891400
ALXN,2019-09-16,106.66,109.42,106.45,108.54,2062500
ALXN,2019-09-17,108.86,109.235,107.73,107.83,1450200
ALXN,2019-09-18,106.9,107.82,102.17,102.98,3527000
ALXN,2019-09-19,103.65,106.26,103.26,105.67,2216600
ALXN,2019-09-20,105.15,106.96,104.07,106.32,2598200
ALXN,2019-09-23,106.39,107,104.52,104.62,1949800
ALXN,2019-09-24,105.44,105.915,100.16,100.32,2376000
ALXN,2019-09-25,100.26,101.95,99,100.4,1639800
ALXN,2019-09-26,101.6,101.6,96.55,98.7,1968100
ALXN,2019-09-27,98.76,100.77,97.44,97.77,1521400
ALXN,2019-09-30,97.77,99.0699,97.51,97.94,1425000
ALXN,2019-10-01,98.58,98.99,96.41,97.79,1854800
ALXN,2019-10-02,97.26,98.52,95.02,97.48,1432700
ALXN,2019-10-03,97.01,99.4,96.63,99.17,1547600
ALXN,2019-10-04,99.26,99.85,96.68,98.03,1510300
ALXN,2019-10-07,98.17,98.87,96.62,97.35,1274500
ALXN,2019-10-08,97.16,97.18,95.5,95.8,1487200
ALXN,2019-10-09,96.46,96.99,94.59,94.84,1741000
ALXN,2019-10-10,95.3,98.46,94.66,98.35,1373700
ALXN,2019-10-11,99.13,101.1608,98.92,99.25,1181500
ALXN,2019-10-14,99.5,103.14,98.73,101.34,2041600
ALXN,2019-10-15,101.6,105.13,101.5,104.81,1767400
ALXN,2019-10-16,102.8,104.9,99.41,99.51,2699800
ALXN,2019-10-17,101.2,101.79,99.4652,99.99,1439500
ALXN,2019-10-18,100.29,100.45,97.585,98.41,1624200
ALXN,2019-10-21,100,101.36,98.53,100.73,1802500
ALXN,2019-10-22,101.99,103.73,98.74,99.28,2461000
ALXN,2019-10-23,101,107.04,100.95,106.63,4396500
ALXN,2019-10-24,107.86,108,104.31,106.08,1930800
ALXN,2019-10-25,105.09,105.6839,103.32,105.18,1547700
ALXN,2019-10-28,105,106.86,104.2,106.56,1479900
ALXN,2019-10-29,106.57,108.06,106.57,107.49,1534000
ALXN,2019-10-30,107.49,107.73,104.96,106.25,1053200
ALXN,2019-10-31,106.23,106.42,104.45,105.4,1277300
ALXN,2019-11-01,106.26,109.68,105.62,109.38,1889100
ALXN,2019-11-04,110.26,111,108.37,108.53,1309800
ALXN,2019-11-05,108.69,109.375,107.1,107.23,1560600
ALXN,2019-11-06,107.42,109.25,106.39,106.63,1512300
ALXN,2019-11-07,106.91,108.64,106.77,108.05,1421100
ALXN,2019-11-08,107.28,111.04,107,110.79,1255600
ALXN,2019-11-11,110.67,110.79,108.345,109.01,1328100
ALXN,2019-11-12,109.38,110.16,108.44,109.44,1329000
ALXN,2019-11-13,109.02,109.02,106.73,107.13,1422800
ALXN,2019-11-14,107.37,107.78,104.52,105.89,1603600
ALXN,2019-11-15,106.84,108.59,106.02,108.37,1751400
ALXN,2019-11-18,108.54,109,106.78,107.97,1429600
ALXN,2019-11-19,109,112.04,108,110.65,1819900
ALXN,2019-11-20,110.55,111.64,107.59,108.53,2519700
ALXN,2019-11-21,108.47,110.07,108,109.53,1650400
ALXN,2019-11-22,109.8,111.43,108.67,111.03,1195100
ALXN,2019-11-25,110.75,114.36,110.01,114.3,1781100
ALXN,2019-11-26,113.95,113.95,112.22,113.56,1373300
ALXN,2019-11-27,114.19,114.98,113.245,114.65,1049300
ALXN,2019-11-29,114.13,115,113.38,113.94,609500
ALXN,2019-12-02,113.2,114.96,112.0054,112.91,1560400
ALXN,2019-12-03,112,114.13,111.29,114.05,1915400
ALXN,2019-12-04,114.61,116.59,114.27,115.45,1662800
ALXN,2019-12-05,115.59,116,106.13,107.42,3552600
ALXN,2019-12-06,113.8,114.79,109.59,113.89,4297300
ALXN,2019-12-09,114.08,116.2,111.4,112.48,2077700
ALXN,2019-12-10,113.03,113.54,110.59,111.2,1657500
ALXN,2019-12-11,111.51,112.87,108.911,109.5,1595700
ALXN,2019-12-12,109.6,112.84,109.15,112.47,1818000
ALXN,2019-12-13,112.82,113.7895,109.72,110.42,1566400
ALXN,2019-12-16,111.22,111.8,110.25,111.37,1773800
ALXN,2019-12-17,109.51,110.12,106.76,109.82,1868200
ALXN,2019-12-18,109.43,109.74,107.32,109.2,1841800
ALXN,2019-12-19,110.05,112.36,109.315,111.24,2365600
ALXN,2019-12-20,111.59,111.94,107.73,109.75,4479900
ALXN,2019-12-23,110.68,110.98,109.42,110.46,1503900
ALXN,2019-12-24,111.1,111.23,109.8238,110.28,403800
ALXN,2019-12-26,110.12,110.95,108.52,108.93,911000
ALXN,2019-12-27,108.85,109.3,107.81,108.55,1167700
ALXN,2019-12-30,108.95,108.95,107.1,107.34,1036800
ALXN,2019-12-31,106.8,108.4,106.7,108.15,1162700
ALXN,2020-01-02,109.36,109.8,107.16,107.84,1402300
ALXN,2020-01-03,106.36,107.38,105.18,106.41,1316100
ALXN,2020-01-06,105.65,107.77,104.56,106.58,1661200
ALXN,2020-01-07,104.95,108.59,104.58,106.85,2992200
ALXN,2020-01-08,106.94,109.19,105.73,108.58,1737000
ALXN,2020-01-09,109.21,111.2,108.83,110.74,1788200
ALXN,2020-01-10,111.22,111.22,108.77,109.48,1080900
ALXN,2020-01-13,109.71,114.14,107.62,113.92,2401400
ALXN,2020-01-14,113.5,113.5,110.6,112.79,2290200
ALXN,2020-01-15,112.52,114.36,112.2,112.53,2015800
ALXN,2020-01-16,113.51,113.81,111.38,112.51,1375500
ALXN,2020-01-17,113.15,114.35,112.47,113.27,1938400
ALXN,2020-01-21,113.86,114.5,112.675,113.01,1335500
ALXN,2020-01-22,113.27,113.54,110.12,111.4,1420700
ALXN,2020-01-23,111.06,111.28,108.02,108.55,1760000
ALXN,2020-01-24,109.05,109.15,104.635,105.27,2071600
ALXN,2020-01-27,104.08,106.23,103.24,105.3,1594700
ALXN,2020-01-28,106.92,107.15,105.77,106.97,1435300
ALXN,2020-01-29,107.13,108.91,106.85,106.94,1795500
ALXN,2020-01-30,106,106.94,99.98,100.3,3943500
ALXN,2020-01-31,101.36,102.74,98.75,99.39,3648900
ALXN,2020-02-03,100.09,101.81,99.32,100.85,1484300
ALXN,2020-02-04,103,104.31,101.5,102.94,1898600
ALXN,2020-02-05,104.5,105.95,103.03,103.65,2533400
ALXN,2020-02-06,104.63,104.935,102.08,104.04,1583300
ALXN,2020-02-07,102.97,103.765,100.37,100.56,2251000
ALXN,2020-02-10,100.14,102.91,99.82,101.01,2078000
ALXN,2020-02-11,101.14,102.6574,100.8282,102.46,1409000
ALXN,2020-02-12,102.49,105.23,101.57,105.19,3422000
ALXN,2020-02-13,105.3,106.5,103.18,103.42,1943800
ALXN,2020-02-14,104.46,104.52,102.23,102.56,1577900
ALXN,2020-02-18,102.85,103.35,101.5,102.16,2522000
ALXN,2020-02-19,102.38,103.61,101.95,103.21,3179500
ALXN,2020-02-20,102.96,103.29,100.95,102.54,1652300
ALXN,2020-02-21,102.15,103.21,101.52,103.14,1728500
ALXN,2020-02-24,100.77,102.15,97.75,99.02,3052900
ALXN,2020-02-25,100.46,100.85,94.77,96.14,3976100
ALXN,2020-02-26,96.99,97.97,94.43,94.78,2586500
ALXN,2020-02-27,93,95.04,90.9,92.09,2861100
ALXN,2020-02-28,90,94.08,89.7,94.03,3320400
ALXN,2020-03-02,90.48,96.48,90.48,96.16,3570900
ALXN,2020-03-03,93.78,97.16,91.79,93.72,2455400
ALXN,2020-03-04,94.77,97.28,94.12,97.22,2554000
ALXN,2020-03-05,93.5,95.89,93.04,94.18,1831100
ALXN,2020-03-06,91.02,92.39,89.31,91.98,2859700
ALXN,2020-03-09,86.5,90.39,85.07,86.42,3089600
ALXN,2020-03-10,88.89,89.36,84.51,88.84,3233000
ALXN,2020-03-11,86.41,88.41,82.175,83.77,3239700
ALXN,2020-03-12,78.24,81.99,73.98,76.71,4875200
ALXN,2020-03-13,80.78,82.4,77.52,80.44,4517100
ALXN,2020-03-16,73.69,81.56,72.67,75.56,4032000
ALXN,2020-03-17,76.9,82.65,75.57,82.36,4390100
ALXN,2020-03-18,78.65,84.92,77.81,82.5,3875700
ALXN,2020-03-19,82.51,87.92,81.2921,83.5,3321500
ALXN,2020-03-20,84.63,85.84,79.55,80.35,2874900
ALXN,2020-03-23,82.35,83.43,77.2275,81.13,3492000
ALXN,2020-03-24,82.98,87,81.1,85.93,2920100
ALXN,2020-03-25,85.09,86.76,83.27,84.47,2355700
ALXN,2020-03-26,83.73,86.39,83.69,86.14,2851200
ALXN,2020-03-27,85.02,86.62,83.3,84.01,2538300
ALXN,2020-03-30,85.43,87.56,83.54,87.26,3507300
ALXN,2020-03-31,86.96,91.53,85.625,89.79,3039600
ALXN,2020-04-01,87.5,92.36,87.1,89.93,2755800
ALXN,2020-04-02,88.75,90.69,87.56,90.35,2325800
ALXN,2020-04-03,91.15,92.11,88.92,89.77,1693800
ALXN,2020-04-06,91.57,96.05,90.55,95.91,2826400
ALXN,2020-04-07,96.77,98.95,94,94.72,3294100
ALXN,2020-04-08,95.5,99.11,95.35,98.56,2464700
ALXN,2020-04-09,97.91,99.28,94.23,96.23,3281400
ALXN,2020-04-13,96.38,97.1162,95,96.54,1712500
ALXN,2020-04-14,97.34,100.11,97.34,99.4,2041800
ALXN,2020-04-15,98.4,98.4,95.86,96.94,1711800
ALXN,2020-04-16,97.52,99.98,97.1,98.6,3290100
ALXN,2020-04-17,101.54,103.87,99.94,103.48,3952800
ALXN,2020-04-20,103.62,109.13,102.99,106.72,3703300
ALXN,2020-04-21,105.99,106.21,103.14,103.39,1698400
ALXN,2020-04-22,105.43,105.87,101.85,103.91,1383000
ALXN,2020-04-23,104,106.24,103.69,104.14,1295400
ALXN,2020-04-24,104.28,108.55,104.27,108.12,1889200
ALXN,2020-04-27,110,111.66,109.675,110.86,2390900
ALXN,2020-04-28,111.42,111.99,106.295,106.92,2217400
ALXN,2020-04-29,108.58,109.89,107.0442,108.45,1621300
ALXN,2020-04-30,107.61,108.45,106.3,107.47,1284800
ALXN,2020-05-01,106.16,106.84,103.25,103.91,2305800
ALXN,2020-05-04,103.3,104.3,102.37,103.84,1886100
ALXN,2020-05-05,99.02,100.98,97.07,98.25,6349200
ALXN,2020-05-06,100,100,94.82,96.84,3690800
ALXN,2020-05-07,97.81,98.7,96.64,96.92,1642600
ALXN,2020-05-08,98.11,98.49,96.695,97.34,2176300
ALXN,2020-05-11,97.32,102.165,96.98,101.34,2081400
ALXN,2020-05-12,104,105.8,101.59,101.65,2909800
ALXN,2020-05-13,102,103.2,99.9,102.45,2049700
ALXN,2020-05-14,101.14,101.74,98.89,100.92,1869700
ALXN,2020-05-15,100.68,102.29,99.67,101.94,1172900
ALXN,2020-05-18,103.58,104.83,102.58,102.72,1726500
ALXN,2020-05-19,103.22,103.22,100.38,101.22,2050600
ALXN,2020-05-20,102.29,105.29,101.36,103.91,1867700
ALXN,2020-05-21,103.4696,103.92,100.0431,101.14,1459000
ALXN,2020-05-22,101.21,102.15,100.345,101.5,1063900
ALXN,2020-05-26,102.86,104.88,102.01,102.8,2125000
ALXN,2020-05-27,103.31,106.25,100.4,106.14,1959100
ALXN,2020-05-28,113.13,115.99,111.76,114.42,5622100
ALXN,2020-05-29,115.38,120.19,114.0209,119.9,4171400
ALXN,2020-06-01,119.3,121.5,117.26,118.92,2227500
ALXN,2020-06-02,117.67,118.3108,114.42,116.28,2036600
ALXN,2020-06-03,116.85,117.6,113.61,113.77,1396300
ALXN,2020-06-04,113.19,114.3,112.76,113.68,1357300
ALXN,2020-06-05,113.78,116.42,112.63,115.21,1416100
ALXN,2020-06-08,114.61,120.5,114.61,119.74,2686200
ALXN,2020-06-09,119.01,120.17,115.78,115.99,2274800
ALXN,2020-06-10,115.99,117.295,115.345,116.33,1607400
ALXN,2020-06-11,114.42,115.03,109.66,109.82,2905600
ALXN,2020-06-12,111.9,112.11,107.39,109.3,2474600
ALXN,2020-06-15,108.23,111.64,107.75,110.44,1878100
ALXN,2020-06-16,112.28,114.71,109.83,113.4,1926500
ALXN,2020-06-17,114.15,116.8,113.93,115.52,1521500
ALXN,2020-06-18,114.68,116.82,114.15,116.32,1359500
ALXN,2020-06-19,116.95,119.52,116.2,119.35,2807800
ALXN,2020-06-22,118.86,119.78,116.83,116.92,2137800
ALXN,2020-06-23,117.74,119.5,115.06,115.49,1878000
ALXN,2020-06-24,113.96,115.75,111.36,111.95,2096600
ALXN,2020-06-25,111.62,113.65,110.75,113.47,1353700
ALXN,2020-06-26,113.48,114.635,110.54,113.61,5042500
ALXN,2020-06-29,113.59,113.88,110.58,111.22,1730800
ALXN,2020-06-30,110.99,112.85,110.7,112.24,2103500
ALXN,2020-07-01,112.06,113.08,110.96,112.39,1433400
ALXN,2020-07-02,114.49,114.49,111.72,112.3,1283100
ALXN,2020-07-06,113.75,113.99,112.42,113.57,1540600
ALXN,2020-07-07,113,113.44,112.285,112.46,1525000
ALXN,2020-07-08,112.8,113,107.94,108,2380200
ALXN,2020-07-09,108.71,109.25,106.235,108.47,1788500
ALXN,2020-07-10,108.38,109.2,107.77,108.82,1233100
ALXN,2020-07-13,108.75,110.32,106.4,107.03,1563900
ALXN,2020-07-14,106.89,109.14,105.67,108.57,1799600
ALXN,2020-07-15,109.06,111.51,108.36,111.13,1359000
ALXN,2020-07-16,111.23,111.39,108.01,109.47,1232500
ALXN,2020-07-17,109.94,110.4,107.85,109.24,1860400
ALXN,2020-07-20,109.83,111.25,109.48,109.54,1124400
ALXN,2020-07-21,109.37,109.5905,106.51,107.01,1812600
ALXN,2020-07-22,107.5,107.86,104.77,105.88,1706000
ALXN,2020-07-23,106.28,106.79,104.52,104.79,1216000
ALXN,2020-07-24,104.4,104.615,100.83,101.49,2437400
ALXN,2020-07-27,102.32,107.84,102.175,106.85,2573600
ALXN,2020-07-28,107.21,107.77,104.79,105.21,1201700
ALXN,2020-07-29,105.59,105.99,104.29,104.6,1258900
ALXN,2020-07-30,105.2,108.48,104.52,104.81,2128600
ALXN,2020-07-31,103.88,104.79,101.26,102.49,2158900
ALXN,2020-08-03,102.67,105.13,101.75,104.85,1410000
ALXN,2020-08-04,104.73,105.3,103.14,105.22,1552600
ALXN,2020-08-05,105.37,105.67,102.26,102.75,1266100
ALXN,2020-08-06,103.05,104.44,102,103.9,1203400
ALXN,2020-08-07,103.6,104.16,102.31,103.28,1846400
ALXN,2020-08-10,103.1,103.66,101.11,101.88,1829800
ALXN,2020-08-11,102.86,102.86,101.1,101.24,1510100
ALXN,2020-08-12,100.79,103,100.78,102.78,1650500
ALXN,2020-08-13,102.54,103.29,101.74,101.89,1093300
ALXN,2020-08-14,101.18,103.46,101.1735,102.97,865800
ALXN,2020-08-17,102.96,103.41,102.0901,102.75,1634300
ALXN,2020-08-18,103.24,104.29,102.16,103.31,1306300
ALXN,2020-08-19,103.71,104,101.29,101.7,1136700
ALXN,2020-08-20,101.6,102.065,100.25,100.97,1348100
ALXN,2020-08-21,100.8,101.14,99.91,100.51,1211900
ALXN,2020-08-24,101,102.84,100.75,102.43,1731100
ALXN,2020-08-25,101.94,103.36,101.54,103.34,1177200
ALXN,2020-08-26,103.01,104.47,102.5,104.3,1618300
ALXN,2020-08-27,104.34,106.5,103.77,106.11,1305000
ALXN,2020-08-28,106.54,107.08,104.75,106.99,1065100
ALXN,2020-08-31,107.7,118,107.66,114.22,5534800
ALXN,2020-09-01,114.8,117.34,111.91,112.68,2542400
ALXN,2020-09-02,113,114.66,112.06,113.82,1495200
ALXN,2020-09-03,114.32,114.32,110.59,111.52,2572600
ALXN,2020-09-04,111.83,113.94,110.69,112.97,3187400
ALXN,2020-09-08,111.07,111.78,108.07,108.19,2054800
ALXN,2020-09-09,108.5,110.11,102.82,108.28,2512200
ALXN,2020-09-10,108.66,109.7599,105.79,106.01,1787000
ALXN,2020-09-11,106.54,107.62,104.25,105.36,1471800
ALXN,2020-09-14,106.95,110.62,106.405,108.72,2777000
ALXN,2020-09-15,110.22,120.81,109.53,115.58,4923900
ALXN,2020-09-16,115.26,117.965,114.12,116.57,3267900
ALXN,2020-09-17,114.97,115.25,112.72,114.13,2750300
ALXN,2020-09-18,114.39,114.77,109.8,113.72,3644300
ALXN,2020-09-21,111.41,112.43,109.51,111.74,2766800
ALXN,2020-09-22,111.44,114.8,110.72,114.51,2334400
ALXN,2020-09-23,114.65,114.995,111.52,112.43,2024500
ALXN,2020-09-24,112.02,113.6,110.41,112.02,1250600
ALXN,2020-09-25,111.19,114.9399,109.93,114.43,1847100
ALXN,2020-09-28,115.7,115.76,112.73,113.3,1311000
ALXN,2020-09-29,113.57,114.12,112.03,112.46,1021400
ALXN,2020-09-30,113.13,115,112.85,114.43,1697300
ALXN,2020-10-01,114.62,116.53,114.11,115.63,1498200
ALXN,2020-10-02,113.83,115.25,110.4,111.55,2021800
ALXN,2020-10-05,113.43,116.165,113.07,115.25,2843000
ALXN,2020-10-06,119.17,119.9,114.69,116.08,4189100
ALXN,2020-10-07,117.5,126.65,117.37,125.33,6425000
ALXN,2020-10-08,125.64,126.73,121.64,123.14,2778600
ALXN,2020-10-09,122.9,128.57,120.78,124.52,4586200
ALXN,2020-10-12,124.83,125.185,122.25,124.38,2380500
ALXN,2020-10-13,124.24,124.98,122.88,123.75,1461400
ALXN,2020-10-14,124.11,124.42,122.21,122.52,1883900
ALXN,2020-10-15,120.79,122.3,119.59,122.03,1474400
ALXN,2020-10-16,120.97,126.72,120.63,124.13,4251100
ALXN,2020-10-19,124.31,124.815,121.24,121.76,1623000
ALXN,2020-10-20,122.05,125,122.05,124,1645900
ALXN,2020-10-21,123.72,123.72,118.18,118.19,2055100
ALXN,2020-10-22,118.37,121.43,118.305,119.67,1333100
ALXN,2020-10-23,120.48,121.97,119.285,121.61,996800
ALXN,2020-10-26,119.75,120.8,118.9254,120.76,1176100
ALXN,2020-10-27,120.44,121.81,119.8,120,944900
ALXN,2020-10-28,118.09,118.78,114.83,114.85,1805400
ALXN,2020-10-29,118.21,119.98,115.2,118.21,2138700
ALXN,2020-10-30,116.43,117.23,113.235,115.14,1820200
ALXN,2020-11-02,116.11,116.975,112.27,114.83,1543500
ALXN,2020-11-03,115.51,118.09,115.39,117.02,1353100
ALXN,2020-11-04,119.7,124.29,119.565,123.35,2071000
ALXN,2020-11-05,124,125.58,121.767,125.44,1513300
ALXN,2020-11-06,125.75,126.3,124.475,125.26,1330700
ALXN,2020-11-09,127.06,128.46,124.77,124.88,1500600
ALXN,2020-11-10,124,127.72,123.21,127.09,1094900
ALXN,2020-11-11,127.2,128.44,124.81,127.62,1362100
ALXN,2020-11-12,127.72,128.49,124.96,125.6,699600
ALXN,2020-11-13,125.96,128.54,125.51,127.76,942900
ALXN,2020-11-16,127.51,128.19,126.24,127.81,977500
ALXN,2020-11-17,127.82,128.38,126.01,127.69,1092600
ALXN,2020-11-18,127.39,127.66,123.41,123.47,999700
ALXN,2020-11-19,122.43,122.985,121.0972,122.05,1249800
ALXN,2020-11-20,121.63,122.355,120.42,121.38,1321800
ALXN,2020-11-23,122.12,123.8,121.05,122.61,1103800
ALXN,2020-11-24,122.66,124.39,121.23,123.11,1076700
ALXN,2020-11-25,123.79,124.5,122.33,122.93,792800
ALXN,2020-11-27,122.57,124,122.06,123.83,440800
ALXN,2020-11-30,124,124,120.8,122.11,1964100
ALXN,2020-12-01,123.59,123.69,121.12,122.15,1303300
ALXN,2020-12-02,121.76,123.5,121.18,122.75,818000
ALXN,2020-12-03,122.26,122.73,120.11,121.06,1048900
ALXN,2020-12-04,121.05,121.455,119.4,120.51,1012300
ALXN,2020-12-07,119.75,120.89,118.05,118.83,1378200
ALXN,2020-12-08,119.07,120.2,118.7,119.22,1037700
ALXN,2020-12-09,120.1,120.5,116.61,117.74,1154400
ALXN,2020-12-10,117.51,120.05,117.22,118.87,979500
ALXN,2020-12-11,118.74,121.39,118.11,120.98,1374900
ALXN,2020-12-14,157.35,160.03,155.98,156.31,22390500
ALXN,2020-12-15,157.44,158,156.68,157.91,7361300
ALXN,2020-12-16,159.68,160.03,157.8,158.03,7443200
ALXN,2020-12-17,158,159.18,157.16,157.93,5504500
ALXN,2020-12-18,157.96,158.21,155.83,156.75,5954500
ALXN,2020-12-21,154.96,155.64,153.81,154.83,3807200
ALXN,2020-12-22,154,154.17,152.74,153.81,2930800
ALXN,2020-12-23,154.15,154.23,153.16,153.24,4204200
ALXN,2020-12-24,153.54,153.61,151.99,152.63,1083800
ALXN,2020-12-28,155.9,156.24,153.9,154.36,2675700
ALXN,2020-12-29,156.99,157.15,155.27,155.35,2836500
ALXN,2020-12-30,156.51,156.96,155.93,156.23,1895100
ALXN,2020-12-31,155.81,156.35,154.23,156.24,1242600
ALXN,2021-01-04,157.61,158.2,155.43,156.81,3650800
ALXN,2021-01-05,156.24,157.8,155.83,157.36,2742300
ALXN,2021-01-06,157.35,158.95,157.23,157.76,2991800
ALXN,2021-01-07,156.73,157.47,155.75,155.75,4517400
ALXN,2021-01-08,156.79,157.57,156.24,157.35,2861600
ALXN,2021-01-11,156.88,157.915,156.34,156.5,3423000
ALXN,2021-01-12,156.62,156.75,155.59,155.59,2802500
ALXN,2021-01-13,156.53,157.58,156.2,156.44,3653300
ALXN,2021-01-14,157.36,158.11,156.43,156.65,3512500
ALXN,2021-01-15,156.5,157.5,156.42,156.7,2106100
ALXN,2021-01-19,159,159.4,158.105,158.71,4397000
ALXN,2021-01-20,159.1,159.1,157.26,157.74,3717800
ALXN,2021-01-21,158.24,158.94,157.78,157.86,3579900
ALXN,2021-01-22,158.36,160.33,158.01,159.73,2790600
ALXN,2021-01-25,160.59,161.75,160.415,161.32,1644000
ALXN,2021-01-26,162.25,162.6,161.69,161.75,2360600
ALXN,2021-01-27,159.77,159.81,155.28,155.69,3729500
ALXN,2021-01-28,155.94,158.44,155.7,157.29,2722400
ALXN,2021-01-29,156.47,156.82,153.24,153.33,4334900
ALXN,2021-02-01,156.4,156.77,155.5,155.7,4481600
ALXN,2021-02-02,156.31,156.97,154.79,154.86,2068800
ALXN,2021-02-03,155,155.5,154.2,154.74,1895800
ALXN,2021-02-04,155.35,156.2766,155.1,155.59,4270600
ALXN,2021-02-05,155.13,155.26,153.81,153.92,2210400
ALXN,2021-02-08,154.74,155.76,154.27,154.5,1917700
ALXN,2021-02-09,154.51,155.8,154.44,155.27,1923400
ALXN,2021-02-10,156.08,156.63,154.12,154.58,1583600
ALXN,2021-02-11,154.99,155.43,153.59,154.59,1672500
ALXN,2021-02-12,156.18,158.56,156.14,158.39,1964500
ALXN,2021-02-16,157.13,157.345,156,156.69,1333700
ALXN,2021-02-17,157.22,158.41,156.59,157.02,2390700
ALXN,2021-02-18,157.1,157.99,156.86,157.58,1989300
ALXN,2021-02-19,156.84,157.3,155.42,155.51,2057300
ALXN,2021-02-22,155.4,155.7,154.71,154.81,3597500
ALXN,2021-02-23,155.14,155.41,152.65,152.93,2395500
ALXN,2021-02-24,153.42,155.09,153.06,154.49,3579100
ALXN,2021-02-25,155.23,155.48,152.95,153.65,2372300
ALXN,2021-02-26,153.29,153.86,151.6,152.75,2228700
ALXN,2021-03-01,151.44,153.58,151.44,151.97,3222400
ALXN,2021-03-02,152.1,152.69,150.37,150.37,2346400
ALXN,2021-03-03,150.24,150.63,148.14,148.19,3432200
ALXN,2021-03-04,148.19,150.15,146.97,148.46,3959400
ALXN,2021-03-05,149.2,150.56,148.18,150.1,3055700
ALXN,2021-03-08,149.29,151.105,149.17,150.06,3197500
ALXN,2021-03-09,152.56,153.77,152.3,152.61,3939600
ALXN,2021-03-10,154.82,154.97,153.35,153.48,2945500
ALXN,2021-03-11,152.41,152.76,151.26,151.45,3207900
ALXN,2021-03-12,150.7,151.78,149.865,151.59,1665800
ALXN,2021-03-15,151.59,152.23,150.57,152.18,2367200
ALXN,2021-03-16,154.2,155.67,153.075,153.37,4705400
ALXN,2021-03-17,151.7,153.69,151.41,153.23,2467000
ALXN,2021-03-18,151.93,153.09,151.18,151.27,2264300
ALXN,2021-03-19,150.86,151.78,150.35,150.94,2619700
ALXN,2021-03-22,151.99,155.33,151.99,155.25,2329800
ALXN,2021-03-23,152.39,153.36,151.25,152.18,2484200
ALXN,2021-03-24,152.03,152.32,151.14,151.54,2384000
ALXN,2021-03-25,151.97,153.45,151.75,152.97,2266300
ALXN,2021-03-26,151.8,154.92,151.8,154.875,1494700
ALXN,2021-03-29,154.03,155.96,154.03,155.57,2045700
ALXN,2021-03-30,154.86,154.86,153.165,153.45,1563700
ALXN,2021-03-31,153.6,154.39,152.77,152.91,1803900
ALXN,2021-04-01,152.81,153.73,152.41,153.21,2074200
ALXN,2021-04-05,153.4,154.29,152.95,154.12,1332900
ALXN,2021-04-06,153.54,154.79,153.21,153.41,1719100
ALXN,2021-04-07,153.68,153.685,151.75,152.35,1722700
ALXN,2021-04-08,154.25,155.29,153.71,154.47,1240900
ALXN,2021-04-09,154.89,155.525,154.55,155.01,1113300
ALXN,2021-04-12,154.69,155,153.94,154.01,2405100
ALXN,2021-04-13,153.85,154.51,153.01,153.73,1084400
ALXN,2021-04-14,154.34,156.32,154.34,155.29,2041700
ALXN,2021-04-15,156.61,158.36,156.2,157.54,1801500
ALXN,2021-04-16,164.05,164.6,163.54,163.68,7307000
ALXN,2021-04-19,164.51,165.95,164.51,165.47,3684800
ALXN,2021-04-20,165.94,166.81,165.58,166.54,3386700
ALXN,2021-04-21,167.72,168.515,167.39,168.44,1842100
ALXN,2021-04-22,167.83,168.48,167.02,167.65,2209000
ALXN,2021-04-23,167.3,167.77,166.57,166.92,1597300
ALXN,2021-04-26,166.8,167.43,166.225,167,2229300
ALXN,2021-04-27,167.55,168.18,166.95,167.06,1896100
ALXN,2021-04-28,167.02,167.48,166.25,166.73,1258800
ALXN,2021-04-29,166.75,166.97,164.83,165.58,1568000
ALXN,2021-04-30,168.98,172.08,168.06,168.68,3475400
ALXN,2021-05-03,168.51,170.29,168.51,170.27,2510500
ALXN,2021-05-04,169.54,169.69,168.11,168.49,2999500
ALXN,2021-05-05,169.3,169.95,168.77,169.91,2242900
ALXN,2021-05-06,169.52,169.93,168.58,169.86,2030700
ALXN,2021-05-07,170,171.15,169.73,170.43,1372300
ALXN,2021-05-10,171.79,172.59,171.18,171.81,2374800
ALXN,2021-05-11,170.93,171.81,169.94,171.41,2370500
ALXN,2021-05-12,172,173.24,171.8,171.99,2051600
ALXN,2021-05-13,172.06,173.86,171.85,173.33,1340500
ALXN,2021-05-14,173.59,174.15,173.45,173.49,1417800
ALXN,2021-05-17,173.79,175.08,173.78,174.75,1373500
ALXN,2021-05-18,175,175.73,174.87,174.87,1473600
ALXN,2021-05-19,175.29,175.72,174.61,175.47,3880900
ALXN,2021-05-20,176.11,179.12,176.11,178.36,2062700
ALXN,2021-05-21,178.07,178.655,176.76,177.72,1990900
ALXN,2021-05-24,178.2,178.71,177.98,178.04,1445100
ALXN,2021-05-25,177.74,177.87,176.77,177.1,1506000
ALXN,2021-05-26,177.11,177.93,175.95,176.1,1273100
ALXN,2021-05-27,175.76,177.91,175.43,177.03,2862200
ALXN,2021-05-28,176.75,178.43,176.44,176.55,1050200
ALXN,2021-06-01,177.43,177.69,175.36,175.86,2900400
ALXN,2021-06-02,174.92,176.09,174.92,175.51,1789500
ALXN,2021-06-03,174.81,176.02,174.72,175.78,2265900
ALXN,2021-06-04,176.46,177.82,176.33,177.12,1363200
ALXN,2021-06-07,176.88,177.9,175.71,176.28,3283300
ALXN,2021-06-08,177,177.29,175.54,176.61,1046200
ALXN,2021-06-09,176.93,179.37,176.93,179.18,1702800
ALXN,2021-06-10,179.75,182.11,179.75,181.99,1177400
ALXN,2021-06-11,181.95,182.72,181.21,181.65,1306300
ALXN,2021-06-14,181.74,182.2,180.84,181.65,2251600
ALXN,2021-06-15,182.11,182.17,181.28,181.9,904000
ALXN,2021-06-16,182.02,183.05,180.185,180.55,2213500
ALXN,2021-06-17,179.44,180.85,179.44,179.97,1499200
ALXN,2021-06-18,178.89,181.74,178.5,180.69,3910800
ALXN,2021-06-21,180.49,181.15,180.16,180.66,2081700
ALXN,2021-06-22,180.67,180.68,179.15,179.63,1027100
ALXN,2021-06-23,180.69,181.53,179.37,179.83,1525000
ALXN,2021-06-24,180.5,182.23,180.35,180.72,1793500
ALXN,2021-06-25,181.4,182.96,181.33,182.74,2291300
ALXN,2021-06-28,183.76,185.11,183.06,184.14,1139100
ALXN,2021-06-29,183.96,185.01,183.81,184.3,1166900
ALXN,2021-06-30,184.53,184.59,183.18,183.71,1601500
ALXN,2021-07-01,183.87,185.37,183.44,185.1,1338900
ALXN,2021-07-02,185,186.52,184.47,186.28,1290000
ALXN,2021-07-06,185.76,186.35,184.35,184.54,3380300
ALXN,2021-07-07,184.5,184.76,183.52,184.27,2755800
ALXN,2021-07-08,183.65,183.96,182,183.4,5822500
ALXN,2021-07-09,183.24,185.5,182.64,184.2,10846800
ALXN,2021-07-12,185.26,186.8,185.15,185.91,2976600
ALXN,2021-07-13,185.14,186.46,185.14,185.98,1370700
ALXN,2021-07-14,187.26,187.45,186.25,186.61,8296200
ALXN,2021-07-15,184.48,184.72,180.21,180.51,8410300
ALXN,2021-07-16,180.1,181.52,179.27,180.03,10300600
ALXN,2021-07-19,178.95,180.37,178.51,179.45,10068000
ALXN,2021-07-20,181.04,182.67,180.13,182.5,90506096
,,,,,,
